team_name,week,receiving_tds,defense_frec,rushing_yds_allowed,passing_yds,fumbles_rec_tds,rushing_yds,fumbles_rec_tds_allowed,receiving_yds_allowed,fumbles_lost,passing_yds_allowed,rushing_tds,defense_sk,receiving_tds_allowed,defense_int,receiving_yds,opponent,kickret_tds_allowed,passing_twoptm,defense_frec_tds,rushing_tds_allowed,defense_safe,defense_touchdowns,defense_misc_tds,points_allowed,puntret_tds,defense_int_tds,passing_int,kickret_tds,passing_tds,passing_tds_allowed
MIN,11,0,0,0,0,0,0,0,0,0,0,0,0,0,0,0,bye,0,0,0,0,0,0,0,0,0,0,0,0
MIN,10,2,1,60,221,0,189,0,329,0,329,1,2.0,3,1,221,DET,0,0,0,0,0,0,0,24,0,0,0,0,2,3
MIN,13,1,0,152,119,0,240,0,286,0,286,1,2.0,1,1,119,GB,0,0,0,1,0,0,0,23,0,0,2,0,1,1
MIN,12,1,1,113,159,0,114,0,188,2,188,0,1.0,1,1,159,CHI,0,0,0,2,0,0,0,28,0,0,1,0,1,1
MIN,15,0,1,87,131,0,213,0,377,0,377,2,4.0,3,1,131,STL,0,0,0,0,0,1,0,22,0,1,0,0,0,3
MIN,14,0,0,118,91,0,171,0,324,0,324,2,2.0,2,2,91,CHI,0,0,0,0,0,1,0,14,0,1,1,0,0,2
MIN,17,3,1,72,234,0,217,0,365,0,365,1,5.0,4,0,234,GB,0,0,0,0,0,0,0,34,0,0,0,0,3,4
MIN,16,1,2,34,174,0,174,0,178,1,178,1,4.0,0,0,174,HOU,0,0,0,0,0,0,0,6,0,0,0,0,1,0
MIN,1,0,1,113,270,0,123,0,260,1,260,2,2.0,2,0,270,JAC,0,0,0,0,0,0,0,23,0,0,0,0,0,2
MIN,3,2,2,89,198,0,146,0,204,2,204,1,2.0,1,1,198,SF,0,0,0,0,0,0,0,13,0,0,0,0,2,1
MIN,2,2,0,84,245,0,95,0,224,1,224,0,2.0,2,0,245,IND,0,0,0,0,0,0,0,23,0,0,0,0,2,2
MIN,5,2,1,52,258,0,175,0,234,0,234,1,2.0,1,1,258,TEN,0,0,0,0,0,0,0,7,0,0,2,0,2,1
MIN,4,0,1,54,111,0,127,0,319,0,319,0,4.0,0,0,111,DET,0,0,0,1,0,0,0,13,1,0,0,1,0,0
MIN,7,1,1,126,58,0,166,0,262,0,262,1,7.0,1,1,58,ARI,0,0,0,1,0,1,0,14,0,1,2,0,1,1
MIN,6,2,0,183,352,0,94,0,182,1,182,0,1.0,1,1,352,WAS,0,1,0,3,0,0,0,38,0,0,2,0,2,1
MIN,9,0,0,195,63,0,243,0,198,1,198,2,1.0,3,0,63,SEA,0,0,0,1,0,0,0,30,0,0,1,0,0,3
MIN,8,1,0,159,251,0,140,0,262,2,262,1,1.0,3,0,251,TB,0,0,0,1,0,0,0,36,0,0,1,0,1,3
MIA,11,1,0,120,141,0,60,0,168,1,168,0,3.0,0,0,141,BUF,0,0,0,0,0,0,0,19,0,0,2,1,1,0
MIA,10,0,0,177,217,0,54,0,122,1,122,0,1.0,2,0,217,TEN,0,0,0,1,0,0,0,37,0,0,3,0,0,2
MIA,13,0,0,108,186,0,101,0,238,1,238,1,4.0,1,1,186,NE,0,0,0,1,0,0,0,23,0,0,0,0,0,1
MIA,12,1,0,96,253,0,189,0,224,0,224,2,2.0,2,0,253,SEA,1,0,0,0,0,0,0,21,0,0,1,0,1,2
MIA,15,2,0,86,220,0,180,0,221,1,221,0,2.0,0,0,220,JAC,0,1,0,0,0,0,0,3,0,0,0,0,2,0
MIA,14,1,0,155,150,0,94,0,185,1,185,0,4.0,0,0,150,SF,0,0,0,3,0,0,0,27,0,0,0,0,1,0
MIA,17,0,0,167,235,0,47,0,284,1,284,0,1.0,2,0,235,NE,0,0,0,2,0,0,0,28,0,0,1,0,0,2
MIA,16,2,3,154,130,0,182,0,240,0,240,1,2.0,1,1,130,BUF,0,0,0,0,0,0,0,10,0,0,0,0,2,1
MIA,1,0,0,83,219,0,79,0,266,1,266,0,2.0,1,0,219,HOU,0,0,0,2,0,0,0,30,1,0,3,0,0,1
MIA,3,0,0,88,196,0,185,0,306,1,306,2,1.0,1,2,196,NYJ,0,0,0,0,0,0,0,23,0,0,1,0,0,1
MIA,2,1,0,23,200,0,259,0,373,0,373,4,0,1,1,200,OAK,0,0,0,0,0,0,0,13,0,0,0,0,1,1
MIA,5,0,1,80,223,0,68,0,234,2,234,2,3.0,1,2,223,CIN,0,0,0,0,0,0,0,13,0,0,0,0,0,1
MIA,4,1,0,28,431,0,86,0,324,2,324,1,8.0,3,2,431,ARI,0,1,0,0,0,0,0,24,0,0,2,0,1,3
MIA,7,0,0,0,0,0,0,0,0,0,0,0,0,0,0,0,bye,0,0,0,0,0,0,0,0,0,0,0,0
MIA,6,2,1,162,185,0,19,0,315,0,315,0,3.0,0,0,185,STL,0,0,0,1,0,0,0,14,0,0,0,0,2,0
MIA,9,1,0,97,290,0,84,0,433,0,433,1,1.0,2,0,290,IND,0,0,0,0,0,0,0,23,0,0,0,0,1,2
MIA,8,1,1,105,149,0,97,0,283,1,283,1,4.0,1,1,149,NYJ,0,0,0,0,0,1,1,9,0,0,0,0,1,1
CAR,11,1,1,167,252,0,97,0,248,1,248,1,1.0,3,2,252,TB,0,0,0,0,0,1,0,27,0,1,0,0,1,3
CAR,10,2,2,65,241,0,52,0,301,0,301,0,1.0,1,0,241,DEN,0,0,0,1,0,0,0,36,0,0,2,0,2,1
CAR,13,3,0,158,232,0,165,0,201,0,201,0,1.0,2,0,232,KC,0,0,0,1,0,0,0,27,0,0,0,0,3,2
CAR,12,2,3,204,306,0,109,0,119,0,119,2,1.0,0,0,306,PHI,0,0,0,2,0,0,0,22,0,0,0,0,2,0
CAR,15,2,2,70,231,0,155,0,121,1,121,2,5.0,1,0,231,SD,0,0,0,0,0,0,0,7,0,0,0,0,2,1
CAR,14,2,0,35,287,0,195,0,342,0,342,1,2.0,2,1,287,ATL,0,0,0,1,0,0,0,20,0,0,0,0,2,2
CAR,17,0,0,63,260,0,273,0,396,0,396,5,2.0,4,1,260,NO,0,0,0,0,0,0,0,38,0,0,1,0,0,4
CAR,16,1,0,47,170,0,112,0,151,1,151,1,1.0,0,1,170,OAK,0,0,0,0,0,0,0,6,0,0,1,0,1,0
CAR,1,1,0,130,303,0,10,0,138,0,138,0,2.0,1,0,303,TB,0,0,0,0,0,0,0,16,0,0,2,0,1,1
CAR,3,0,0,125,288,0,60,0,292,2,292,1,2.0,1,0,288,NYG,0,0,0,2,0,0,0,36,0,0,3,0,0,1
CAR,2,1,0,163,253,0,219,0,325,1,325,3,1.0,1,2,253,NO,0,0,0,2,0,1,0,27,0,1,0,0,1,1
CAR,5,0,1,98,141,0,82,0,221,1,221,0,2.0,1,2,141,SEA,0,0,0,0,1,1,0,16,0,1,0,0,0,1
CAR,4,2,0,121,215,0,199,0,369,1,369,2,7.0,3,1,215,ATL,0,0,0,0,0,0,0,30,0,0,0,0,2,3
CAR,7,1,1,85,233,0,112,0,227,1,227,1,0,1,0,233,DAL,0,0,0,0,0,0,0,19,0,0,1,0,1,1
CAR,6,0,0,0,0,0,0,0,0,0,0,0,0,0,0,0,bye,0,0,0,0,0,0,0,0,0,0,0,0
CAR,9,1,0,151,201,0,129,0,215,0,215,2,4.0,0,0,201,WAS,0,0,0,1,0,0,0,13,0,0,0,0,1,0
CAR,8,0,2,79,314,1,119,0,186,0,186,0,6.0,1,1,314,CHI,0,0,0,1,0,0,0,23,0,0,2,0,0,1
ATL,11,0,1,137,301,0,58,0,70,1,70,1,3.0,0,0,301,ARI,0,0,1,1,0,1,0,19,0,0,5,0,0,0
ATL,10,3,0,148,411,0,46,0,298,0,298,0,1.0,3,1,411,NO,0,0,0,1,0,0,0,31,0,0,1,0,3,3
ATL,13,1,0,101,165,0,124,0,341,1,341,1,1.0,0,5,165,NO,0,0,0,1,0,0,0,13,0,0,0,0,1,0
ATL,12,1,0,50,353,0,79,0,284,1,284,2,2.0,0,0,353,TB,0,0,0,2,0,0,0,23,0,0,1,0,1,0
ATL,15,3,1,97,270,0,129,0,161,0,161,1,1.0,0,2,270,NYG,0,0,0,0,0,0,0,0,0,0,0,0,3,0
ATL,14,2,0,195,342,0,35,0,287,0,287,1,1.0,2,0,342,CAR,0,0,0,1,0,0,0,30,0,0,1,0,2,2
ATL,17,1,0,144,238,0,65,0,222,0,222,1,0,1,1,238,TB,0,0,0,1,0,0,0,22,0,0,0,0,1,1
ATL,16,4,2,79,279,0,73,0,443,0,443,0,0,0,1,279,DET,0,0,0,1,0,0,0,18,0,0,0,0,4,0
ATL,1,3,1,152,299,0,84,0,258,0,258,1,3.0,1,2,299,KC,0,0,0,2,0,0,0,24,0,0,0,0,3,1
ATL,3,3,2,116,275,0,94,0,173,0,173,1,1.0,0,2,275,SD,0,0,0,0,0,0,0,3,0,0,1,0,3,0
ATL,2,2,1,118,219,0,67,0,241,0,241,1,3.0,1,3,219,DEN,0,0,0,2,0,0,0,21,0,0,0,0,2,1
ATL,5,2,0,129,345,0,83,0,202,1,202,1,3.0,1,2,345,WAS,0,0,0,0,0,0,0,17,0,0,1,0,2,1
ATL,4,3,1,199,369,0,121,0,215,0,215,0,3.0,2,0,369,CAR,0,0,0,2,0,0,0,28,0,0,1,0,3,2
ATL,7,0,0,0,0,0,0,0,0,0,0,0,0,0,0,0,bye,0,0,0,0,0,0,0,0,0,0,0,0
ATL,6,1,2,149,249,0,45,0,353,0,353,0,3.0,1,1,249,OAK,0,0,0,1,0,1,0,20,0,1,3,0,1,1
ATL,9,0,0,65,342,0,123,0,321,0,321,1,1.0,1,0,342,DAL,0,0,0,0,0,0,0,13,0,0,0,0,0,1
ATL,8,3,0,92,262,0,146,0,191,0,191,0,3.0,1,0,262,PHI,0,0,0,1,0,0,0,17,0,0,0,0,3,1
DET,11,1,0,95,266,0,110,0,236,2,236,1,3.0,2,1,266,GB,0,0,0,0,0,0,0,24,0,0,2,0,1,2
DET,10,3,0,189,329,0,60,0,221,1,221,0,1.0,2,0,329,MIN,0,0,0,1,0,0,0,34,0,0,1,0,3,2
DET,13,2,0,87,313,0,138,0,391,0,391,1,2.0,4,3,313,IND,0,0,0,1,0,0,0,35,0,0,1,0,2,4
DET,12,2,0,286,441,0,106,0,315,1,315,2,2.0,1,1,441,HOU,0,0,0,4,0,0,0,34,0,0,0,0,2,1
DET,15,0,0,99,246,0,84,0,104,1,104,1,1.0,0,1,246,ARI,0,0,0,3,0,0,0,38,0,0,3,0,0,0
DET,14,1,1,140,264,0,135,0,173,1,173,1,3.0,0,0,264,GB,0,0,0,2,0,0,0,27,0,0,1,0,1,0
DET,17,3,0,144,272,0,72,0,257,3,257,0,1.0,1,0,272,CHI,0,0,0,1,0,0,0,26,0,0,1,0,3,1
DET,16,0,0,73,443,0,79,0,279,2,279,1,1.0,4,0,443,ATL,0,0,0,0,1,0,0,31,0,0,1,0,0,4
DET,1,1,0,78,355,0,83,0,198,0,198,2,3.0,1,0,355,STL,0,0,0,0,0,0,0,23,0,0,3,0,1,1
DET,3,3,2,59,450,0,141,0,378,1,378,1,0,2,0,450,TEN,1,1,0,0,0,0,0,44,0,0,0,0,3,2
DET,2,1,1,148,230,0,82,0,226,0,226,0,3.0,2,0,230,SF,0,0,0,1,0,0,0,27,0,0,1,0,1,2
DET,5,0,0,0,0,0,0,0,0,0,0,0,0,0,0,0,bye,0,0,0,0,0,0,0,0,0,0,0,0
DET,4,0,0,127,319,0,54,0,111,1,111,1,2.0,0,0,319,MIN,1,0,0,0,0,0,0,20,0,0,0,0,0,0
DET,7,1,0,171,261,0,99,0,150,3,150,0,5.0,1,0,261,CHI,0,0,0,0,0,0,0,13,0,0,1,0,1,1
DET,6,1,1,71,311,0,138,0,311,0,311,1,3.0,2,2,311,PHI,0,0,0,0,0,0,0,23,0,0,1,0,1,2
DET,9,0,0,64,285,0,149,0,220,0,220,4,1.0,2,2,285,JAC,0,0,0,0,0,0,0,14,0,0,0,0,0,2
DET,8,3,1,133,352,0,84,0,229,0,229,1,0,2,1,352,SEA,0,0,0,1,0,0,0,24,0,0,1,0,3,2
CIN,11,2,1,113,230,0,189,0,188,0,188,2,3.0,0,0,230,KC,0,0,0,0,0,0,0,6,0,0,0,0,2,0
CIN,10,4,2,129,199,0,76,0,215,1,215,0,4.0,0,2,199,NYG,0,0,0,1,0,0,0,13,0,0,0,0,4,0
CIN,13,1,1,46,211,0,128,0,280,1,280,1,4.0,0,1,211,SD,0,0,0,0,0,0,0,13,0,0,2,0,1,0
CIN,12,3,1,99,210,0,221,0,146,0,146,1,4.0,1,1,210,OAK,0,0,0,0,0,0,0,10,0,0,0,0,3,1
CIN,15,1,4,42,127,0,157,0,182,2,182,2,1.0,1,1,127,PHI,0,0,1,0,0,1,0,13,0,0,0,0,1,1
CIN,14,1,0,49,206,0,146,0,268,0,268,0,3.0,1,1,206,DAL,0,0,0,1,0,0,0,20,0,0,1,0,1,1
CIN,17,1,0,206,143,0,47,0,183,0,183,0,4.0,0,1,143,BAL,0,0,0,2,0,1,0,17,0,1,0,0,1,0
CIN,16,0,1,95,278,0,14,0,220,1,220,0,4.0,1,2,278,PIT,0,0,0,0,0,1,0,10,0,1,2,0,0,1
CIN,1,0,0,122,221,0,129,0,329,1,329,1,3.0,2,0,221,BAL,0,0,0,2,0,0,0,44,0,0,1,0,0,2
CIN,3,4,1,213,401,0,93,0,221,1,221,1,5.0,1,0,401,WAS,0,0,0,2,0,0,0,31,0,0,1,0,4,1
CIN,2,3,1,130,318,0,80,0,322,0,322,0,2.0,2,0,318,CLE,0,0,0,1,0,0,0,27,1,0,1,0,3,2
CIN,5,1,2,68,234,0,80,0,223,1,223,0,2.0,0,0,234,MIA,0,0,0,2,0,0,0,17,0,0,2,0,1,0
CIN,4,2,1,69,244,0,138,0,186,1,186,1,6.0,1,1,244,JAC,0,0,0,0,0,0,0,10,0,0,1,0,2,1
CIN,7,1,1,167,105,0,80,0,278,0,278,1,3.0,1,1,105,PIT,0,0,0,1,0,0,0,24,0,0,1,0,1,1
CIN,6,3,0,111,381,0,76,0,231,1,231,0,2.0,2,1,381,CLE,0,0,0,1,0,0,0,34,0,0,3,0,3,2
CIN,9,1,0,68,299,0,91,0,291,0,291,1,0,3,2,299,DEN,1,0,0,0,0,0,0,31,0,0,1,0,1,3
CIN,8,0,0,0,0,0,0,0,0,0,0,0,0,0,0,0,bye,0,0,0,0,0,0,0,0,0,0,0,0
NYJ,11,1,2,114,177,0,124,0,170,0,170,2,1.0,2,1,177,STL,0,0,0,0,0,0,0,13,0,0,0,0,1,2
NYJ,10,0,2,174,132,0,84,0,211,2,211,0,4.0,3,0,132,SEA,0,0,1,1,0,1,0,28,0,0,1,0,0,3
NYJ,13,1,0,81,126,0,177,0,72,1,72,0,2.0,0,1,126,ARI,0,0,0,0,0,0,0,6,0,0,3,0,1,0
NYJ,12,1,1,152,262,0,119,0,295,4,295,1,0,3,0,262,NE,0,0,0,2,0,0,0,49,0,0,1,0,1,3
NYJ,15,1,0,167,131,0,146,0,149,1,149,0,4.0,0,0,131,TEN,0,0,0,2,0,0,0,14,0,0,4,0,1,0
NYJ,14,0,0,123,111,0,166,0,185,2,185,2,3.0,0,2,111,JAC,0,0,0,1,0,0,0,10,0,0,0,0,0,0
NYJ,17,0,1,109,205,0,133,0,225,1,225,0,0,1,0,205,BUF,0,0,0,2,0,0,0,28,0,0,1,0,0,1
NYJ,16,0,0,87,227,0,69,0,165,1,165,2,4.0,2,0,227,SD,0,0,0,0,0,0,0,27,0,0,1,0,0,2
NYJ,1,3,1,195,266,0,118,0,195,0,195,1,0,3,3,266,BUF,0,0,0,1,0,1,0,28,1,1,1,0,3,3
NYJ,3,1,1,185,306,0,88,0,196,0,196,0,0,0,1,306,MIA,0,0,0,2,0,1,0,20,0,1,2,0,1,0
NYJ,2,1,0,66,138,0,90,0,275,1,275,0,3.0,2,0,138,PIT,0,0,0,1,0,0,0,27,0,0,0,0,1,2
NYJ,5,1,0,169,230,0,69,0,209,0,209,0,0,1,1,230,HOU,0,0,0,1,0,0,0,23,0,0,2,1,1,1
NYJ,4,0,0,245,112,0,45,0,143,3,143,0,2.0,0,0,112,SF,0,0,0,3,0,0,0,34,0,0,1,0,0,0
NYJ,7,1,1,131,328,0,106,0,259,1,259,1,1.0,2,0,328,NE,1,0,0,0,0,0,0,29,0,0,1,0,1,2
NYJ,6,2,2,41,105,0,252,0,280,0,280,3,4.0,0,2,105,IND,0,0,0,0,0,0,0,9,0,0,0,0,2,0
NYJ,9,0,0,0,0,0,0,0,0,0,0,0,0,0,0,0,bye,0,0,0,0,0,0,0,0,0,0,0,0
NYJ,8,1,1,97,283,0,105,0,149,1,149,0,2.0,1,0,283,MIA,0,0,0,1,0,0,0,30,0,0,1,0,1,1
DEN,11,3,1,53,270,0,112,0,258,1,258,0,4.0,2,2,270,SD,0,0,0,0,0,0,0,23,0,0,1,0,3,2
DEN,10,1,0,52,301,0,65,0,241,2,241,1,7.0,2,2,301,CAR,0,0,0,0,1,1,0,14,1,1,0,0,1,2
DEN,13,3,0,71,242,0,91,0,242,0,242,0,1.0,2,1,242,TB,0,0,0,0,0,1,0,23,0,1,1,0,3,2
DEN,12,2,0,148,285,0,95,0,126,0,126,0,2.0,0,1,285,KC,0,0,0,0,0,0,0,9,0,0,1,0,2,0
DEN,15,1,1,56,204,0,163,0,254,0,254,2,3.0,2,1,204,BAL,0,0,0,0,0,1,0,17,0,1,0,0,1,2
DEN,14,1,1,61,310,0,140,0,273,0,273,1,1.0,2,1,310,OAK,0,0,0,0,0,0,0,13,0,0,1,0,1,2
DEN,17,3,0,93,316,0,172,0,49,1,49,2,4.0,0,0,316,KC,0,0,0,0,0,0,0,3,0,0,0,0,3,0
DEN,16,3,1,91,339,0,118,0,183,0,183,1,6.0,1,0,339,CLE,0,0,0,0,0,0,0,12,0,0,1,0,3,1
DEN,1,2,0,75,253,0,94,0,245,1,245,1,5.0,2,1,253,PIT,0,1,0,0,0,1,0,19,0,1,0,0,2,2
DEN,3,2,1,152,330,0,59,0,290,1,290,0,1.0,4,1,330,HOU,0,0,0,0,1,0,0,31,0,0,0,0,2,4
DEN,2,1,0,67,241,0,118,0,219,1,219,2,1.0,2,0,241,ATL,0,0,0,1,0,0,0,27,0,0,3,0,1,2
DEN,5,3,1,251,345,0,70,0,223,3,223,0,4.0,1,0,345,NE,0,0,0,3,0,0,0,31,0,0,0,0,3,1
DEN,4,3,0,56,338,0,165,0,202,1,202,1,3.0,0,0,338,OAK,0,0,0,0,0,0,0,6,0,0,0,0,3,0
DEN,7,0,0,0,0,0,0,0,0,0,0,0,0,0,0,0,bye,0,0,0,0,0,0,0,0,0,0,0,0
DEN,6,3,2,90,309,0,57,0,242,2,242,0,4.0,2,4,309,SD,0,0,1,0,0,2,0,24,0,1,1,0,3,2
DEN,9,3,0,91,291,0,68,0,299,0,299,0,5.0,1,1,291,CIN,0,0,0,1,0,0,0,23,0,0,2,1,3,1
DEN,8,3,0,51,305,0,225,0,213,1,213,1,1.0,2,1,305,NO,0,0,0,0,0,0,0,14,0,0,0,0,3,2
BAL,11,0,2,134,164,0,47,0,201,0,201,0,3.0,0,1,164,PIT,0,0,0,1,0,0,0,10,1,0,0,0,0,0
BAL,10,3,2,72,341,0,78,0,368,0,368,3,3.0,2,1,341,OAK,0,0,0,0,0,0,0,20,0,0,1,1,3,2
BAL,13,1,1,96,188,0,111,0,276,1,276,1,2.0,1,2,188,PIT,0,0,0,1,0,0,0,23,0,0,1,0,1,1
BAL,12,1,0,91,355,0,127,0,228,0,228,0,6.0,1,0,355,SD,0,0,0,0,0,0,0,13,0,0,0,0,1,1
BAL,15,2,0,163,254,0,56,0,204,1,204,0,2.0,1,0,254,DEN,0,0,0,2,0,0,0,34,0,0,1,0,2,1
BAL,14,3,1,172,182,0,186,0,272,1,272,1,3.0,2,0,182,WAS,0,0,0,1,0,0,0,31,0,0,1,0,3,2
BAL,17,0,0,47,183,0,206,0,143,0,143,2,2.0,1,0,183,CIN,0,0,0,0,0,0,0,23,0,0,1,0,0,1
BAL,16,2,0,67,309,0,224,0,150,0,150,1,3.0,1,0,309,NYG,0,0,0,1,0,0,0,14,0,0,0,0,2,1
BAL,1,2,1,129,329,0,122,0,221,0,221,2,4.0,0,1,329,CIN,0,0,0,1,0,1,0,13,0,1,0,0,2,0
BAL,3,3,0,77,382,0,121,0,335,0,335,1,2.0,1,0,382,NE,0,0,0,2,0,0,0,30,0,0,1,0,3,1
BAL,2,1,2,129,232,0,111,0,371,1,371,1,2.0,1,2,232,PHI,0,0,0,2,0,0,0,24,0,0,1,0,1,1
BAL,5,0,2,214,187,0,133,0,124,1,124,0,0,0,2,187,KC,0,0,0,0,0,0,0,6,0,0,1,0,0,0
BAL,4,1,1,43,356,0,101,0,320,0,320,1,1.0,0,1,356,CLE,0,0,0,1,0,1,0,16,0,1,1,0,1,0
BAL,7,1,0,181,147,0,55,0,256,0,256,0,2.0,2,0,147,HOU,0,0,0,2,0,0,0,43,0,0,2,0,1,2
BAL,6,1,0,227,234,0,86,0,261,0,261,2,1.0,2,1,234,DAL,0,0,0,1,0,0,0,29,0,0,0,1,1,2
BAL,9,1,0,116,153,0,137,0,176,0,176,2,1.0,0,2,153,CLE,0,1,0,0,0,0,0,15,0,0,0,0,1,0
BAL,8,0,0,0,0,0,0,0,0,0,0,0,0,0,0,0,bye,0,0,0,0,0,0,0,0,0,0,0,0
NYG,11,0,0,0,0,0,0,0,0,0,0,0,0,0,0,0,bye,0,0,0,0,0,0,0,0,0,0,0,0
NYG,10,0,1,76,215,0,129,0,199,2,199,1,0,4,0,215,CIN,0,0,0,0,0,0,0,31,0,0,2,0,0,4
NYG,13,1,1,207,280,0,117,1,163,0,163,0,0,1,0,280,WAS,0,0,0,0,0,0,0,17,0,0,0,0,1,1
NYG,12,3,1,116,249,0,147,0,230,0,230,2,5.0,1,1,249,GB,0,0,0,0,0,0,0,10,0,0,0,0,3,1
NYG,15,0,0,129,161,0,97,0,270,1,270,0,1.0,3,0,161,ATL,0,0,0,1,0,0,0,34,0,0,2,0,0,3
NYG,14,4,2,142,259,0,135,0,354,0,354,2,1.0,1,2,259,NO,0,0,0,1,0,0,0,27,0,0,2,1,4,1
NYG,17,5,0,110,223,0,185,0,211,0,211,1,1.0,1,1,223,PHI,0,0,0,0,0,0,0,7,0,0,0,0,5,1
NYG,16,1,0,224,150,0,67,0,309,0,309,1,0,2,0,150,BAL,0,0,0,1,0,0,0,33,0,0,0,0,1,2
NYG,1,1,0,143,213,0,82,0,307,1,307,1,2.0,3,1,213,DAL,0,0,0,0,0,0,0,24,0,0,0,0,1,3
NYG,3,1,2,60,292,0,125,0,288,0,288,2,2.0,0,3,292,CAR,0,0,0,1,0,0,0,7,0,0,0,0,1,0
NYG,2,3,0,79,510,0,94,0,243,0,243,1,2.0,2,2,510,TB,0,0,0,1,0,0,0,34,0,0,3,0,3,2
NYG,5,3,1,84,259,0,243,0,291,1,291,2,0,2,2,259,CLE,0,0,0,1,0,0,0,27,0,0,1,0,3,2
NYG,4,2,0,191,309,0,57,0,241,0,241,0,2.0,1,0,309,PHI,0,0,0,0,0,0,0,19,0,0,1,0,2,1
NYG,7,1,3,248,337,0,64,0,258,0,258,2,3.0,2,1,337,WAS,0,0,0,0,0,0,0,23,0,0,2,0,1,2
NYG,6,1,0,80,193,0,149,0,282,0,282,1,6.0,0,3,193,SF,0,0,0,0,0,0,0,3,0,0,0,0,1,0
NYG,9,0,1,158,125,0,68,0,216,0,216,1,4.0,2,1,125,PIT,0,0,1,1,0,1,0,24,0,0,1,0,0,2
NYG,8,0,2,19,192,0,103,0,437,1,437,1,4.0,1,4,192,DAL,0,0,0,2,0,1,0,24,0,1,1,0,0,1
OAK,11,2,0,153,312,0,120,0,229,0,229,0,0,3,0,312,NO,0,0,0,1,0,0,0,38,0,0,2,0,2,3
OAK,10,2,0,78,368,0,72,0,341,2,341,0,0,3,1,368,BAL,1,0,0,3,0,0,0,55,0,0,1,0,2,3
OAK,13,2,0,122,351,0,85,0,364,0,364,0,1.0,1,2,351,CLE,0,0,0,1,0,0,0,20,0,0,1,0,2,1
OAK,12,1,0,221,146,0,99,0,210,1,210,0,2.0,3,0,146,CIN,0,0,0,1,0,0,0,34,0,0,1,0,1,3
OAK,15,0,0,10,182,0,203,0,136,1,136,0,4.0,0,1,182,KC,0,0,0,0,0,0,0,0,0,0,0,0,0,0
OAK,14,2,0,140,273,0,61,0,310,1,310,0,3.0,1,1,273,DEN,0,0,0,1,0,0,0,26,0,0,1,0,2,1
OAK,17,2,0,70,150,0,115,0,151,0,151,1,2.0,2,0,150,SD,1,0,0,0,0,0,0,24,0,0,1,0,2,2
OAK,16,0,1,112,151,0,47,0,170,0,170,0,2.0,1,1,151,CAR,0,0,0,1,0,0,0,17,0,0,1,0,0,1
OAK,1,1,0,32,297,0,45,0,231,1,231,0,1.0,1,0,297,SD,0,1,0,0,0,0,0,22,0,0,0,0,1,1
OAK,3,3,2,54,209,0,119,0,384,0,384,1,1.0,4,0,209,PIT,0,0,0,0,0,0,0,31,0,0,1,0,3,4
OAK,2,1,0,259,373,0,23,0,200,0,200,0,1.0,1,0,373,MIA,0,0,0,4,0,0,0,35,0,0,1,0,1,1
OAK,5,0,0,0,0,0,0,0,0,0,0,0,0,0,0,0,bye,0,0,0,0,0,0,0,0,0,0,0,0
OAK,4,0,1,165,202,0,56,0,338,0,338,0,0,3,0,202,DEN,0,0,0,1,0,0,0,37,0,0,0,0,0,3
OAK,7,1,0,54,298,0,69,0,183,2,183,1,3.0,1,0,298,JAC,0,0,0,1,0,0,0,23,0,0,1,0,1,1
OAK,6,1,0,45,353,0,149,0,249,2,249,1,1.0,1,3,353,ATL,0,0,0,0,0,0,0,23,0,0,1,0,1,1
OAK,9,4,1,278,418,0,22,0,247,0,247,0,1.0,2,0,418,TB,0,1,0,4,0,0,0,42,0,0,3,0,4,2
OAK,8,2,2,102,209,0,135,0,219,0,219,0,3.0,1,2,209,KC,0,0,0,0,0,0,0,16,0,0,1,0,2,1
TEN,11,0,0,0,0,0,0,0,0,0,0,0,0,0,0,0,bye,0,0,0,0,0,0,0,0,0,0,0,0
TEN,10,2,1,54,122,0,177,0,217,0,217,1,2.0,0,3,122,MIA,0,0,0,0,0,1,0,3,0,1,0,0,2,0
TEN,13,1,0,125,309,0,89,0,207,3,207,0,0,2,0,309,HOU,0,0,0,1,0,0,0,24,0,0,3,0,1,2
TEN,12,1,0,100,261,0,110,0,261,0,261,0,7.0,2,1,261,JAC,0,0,0,1,0,0,0,24,0,0,2,0,1,2
TEN,15,0,1,146,149,0,167,0,131,0,131,2,4.0,1,4,149,NYJ,0,0,0,0,0,0,0,10,0,0,0,0,0,1
TEN,14,1,0,98,262,0,97,0,196,0,196,0,4.0,1,2,262,IND,0,0,0,1,0,1,0,27,0,1,2,0,1,1
TEN,17,0,0,122,152,0,79,0,298,0,298,1,7.0,2,3,152,JAC,0,0,0,0,0,2,0,20,2,2,0,0,0,2
TEN,16,1,0,117,140,0,79,0,351,0,351,0,1.0,3,0,140,GB,0,0,0,4,0,0,0,55,0,0,2,0,1,3
TEN,1,1,0,162,272,0,20,0,236,1,236,0,1.0,2,0,272,NE,0,0,0,1,0,0,0,34,0,0,1,0,1,2
TEN,3,2,1,141,378,0,59,0,450,2,450,0,1.0,3,0,378,DET,0,0,1,1,0,1,0,41,1,0,0,1,2,3
TEN,2,1,0,148,174,0,38,0,284,0,284,0,4.0,3,1,174,SD,0,0,0,2,0,0,0,38,0,0,1,0,1,3
TEN,5,1,0,175,234,0,52,0,258,1,258,0,1.0,2,2,234,MIN,0,0,0,1,0,0,0,30,0,0,1,0,1,2
TEN,4,2,0,95,193,0,158,0,202,1,202,0,0,2,0,193,HOU,0,0,0,1,0,0,0,38,0,0,2,0,2,2
TEN,7,1,1,166,205,0,197,0,225,0,225,4,1.0,3,1,205,BUF,1,0,0,0,0,0,0,34,0,0,0,0,1,3
TEN,6,1,0,56,290,0,94,0,363,0,363,1,1.0,1,1,290,PIT,0,0,0,1,0,0,0,23,0,0,1,0,1,1
TEN,9,1,1,160,194,0,159,0,229,4,229,1,3.0,3,0,194,CHI,0,1,0,1,0,0,0,51,0,0,1,0,1,3
TEN,8,1,0,171,236,0,112,0,297,0,297,0,2.0,1,1,236,IND,0,0,0,1,0,0,0,19,0,0,0,0,1,1
NO,11,3,0,120,229,0,153,0,312,0,312,1,3.0,2,2,229,OAK,0,0,0,0,0,1,0,17,0,1,0,0,3,2
NO,10,3,0,46,298,0,148,0,411,0,411,1,1.0,3,1,298,ATL,0,0,0,0,0,0,0,27,0,0,1,0,3,3
NO,13,0,1,124,341,0,101,0,165,0,165,1,1.0,1,0,341,ATL,0,0,0,1,0,0,0,23,0,0,5,0,0,1
NO,12,3,1,144,267,0,59,0,231,0,231,0,0,1,1,267,SF,0,0,0,1,0,0,0,31,0,0,2,0,3,1
NO,15,4,1,67,307,0,149,0,330,0,330,1,2.0,0,4,307,TB,0,0,0,0,0,0,0,0,0,0,0,0,4,0
NO,14,1,0,135,354,0,142,0,259,2,259,1,0,4,2,354,NYG,1,0,0,2,0,1,0,52,0,1,2,0,1,4
NO,17,4,0,273,396,0,63,0,260,0,260,0,1.0,0,1,396,CAR,0,0,0,5,0,1,0,44,0,1,1,0,4,0
NO,16,3,1,40,446,0,116,0,416,0,416,1,2.0,4,0,446,DAL,0,0,0,0,0,0,0,31,0,0,0,0,3,4
NO,1,3,0,153,339,0,32,0,320,1,320,0,1.0,2,0,339,WAS,0,0,0,2,0,1,1,40,0,0,2,0,3,2
NO,3,3,2,273,240,0,83,0,248,0,248,0,3.0,0,1,240,KC,0,0,0,1,0,0,0,27,0,0,1,0,3,0
NO,2,1,1,219,325,0,163,0,253,0,253,2,1.0,1,0,325,CAR,0,0,0,3,0,0,0,35,0,0,2,0,1,1
NO,5,4,1,117,370,0,53,0,354,0,354,0,5.0,2,1,370,SD,0,0,0,1,0,0,0,24,0,0,1,0,4,2
NO,4,3,1,102,446,0,45,0,319,0,319,0,0,4,1,446,GB,0,0,0,0,0,0,0,28,0,0,0,0,3,4
NO,7,4,0,98,377,0,81,0,420,0,420,1,1.0,3,0,377,TB,0,0,0,1,0,0,0,28,0,0,1,0,4,3
NO,6,0,0,0,0,0,0,0,0,0,0,0,0,0,0,0,bye,0,0,0,0,0,0,0,0,0,0,0,0
NO,9,2,1,221,239,0,140,0,272,2,272,1,7.0,1,1,239,PHI,0,0,0,0,0,1,0,13,0,1,0,0,2,1
NO,8,2,1,225,213,0,51,0,305,0,305,0,0,3,0,213,DEN,0,0,0,1,0,0,0,34,0,0,1,0,2,3
DAL,11,1,1,119,313,0,63,0,210,1,210,1,2.0,2,0,313,CLE,0,0,0,0,0,0,0,20,0,0,0,0,1,2
DAL,10,2,1,91,209,0,101,0,289,0,289,0,2.0,2,1,209,PHI,0,0,1,1,0,2,0,23,1,1,0,0,2,2
DAL,13,3,1,183,303,0,123,0,251,0,251,1,1.0,1,0,303,PHI,0,0,1,2,0,1,0,33,0,0,0,0,3,1
DAL,12,3,0,142,441,0,35,0,311,1,311,0,4.0,4,1,441,WAS,0,0,0,1,0,0,0,38,0,0,2,0,3,4
DAL,15,2,1,69,341,0,87,0,339,1,339,1,4.0,2,1,341,PIT,0,0,0,1,0,0,0,24,0,0,0,0,2,2
DAL,14,1,0,146,268,0,49,0,206,0,206,1,5.0,1,1,268,CIN,0,0,0,0,0,0,0,19,0,0,1,0,1,1
DAL,17,2,0,274,218,0,100,0,100,0,100,0,1.0,0,0,218,WAS,0,1,0,4,0,0,0,28,0,0,3,0,2,0
DAL,16,4,0,116,416,0,40,0,446,1,446,0,0,3,0,416,NO,0,0,0,1,0,0,0,34,0,0,0,0,4,3
DAL,1,3,1,82,307,0,143,0,213,0,213,0,3.0,1,0,307,NYG,0,0,0,1,0,0,0,17,0,0,1,0,3,1
DAL,3,0,1,75,283,0,38,0,110,2,110,1,2.0,1,1,283,TB,0,0,0,0,0,0,0,10,0,0,1,0,0,1
DAL,2,1,0,182,251,0,49,0,151,1,151,0,2.0,1,0,251,SEA,0,0,0,1,0,0,0,27,0,0,1,0,1,1
DAL,5,0,0,0,0,0,0,0,0,0,0,0,0,0,0,0,bye,0,0,0,0,0,0,0,0,0,0,0,0
DAL,4,2,1,93,396,0,41,0,275,0,275,0,2.0,2,0,396,CHI,0,1,0,0,0,0,0,34,0,0,5,0,2,2
DAL,7,1,1,112,227,0,85,0,233,1,233,0,2.0,1,1,227,CAR,0,0,0,1,0,0,0,14,0,0,0,0,1,1
DAL,6,2,0,86,261,0,227,0,234,0,234,1,1.0,1,0,261,BAL,1,0,0,2,0,0,0,31,0,0,1,0,2,1
DAL,9,1,0,123,321,0,65,0,342,0,342,0,3.0,0,0,321,ATL,0,0,0,1,0,0,0,19,0,0,0,0,1,0
DAL,8,1,1,103,437,0,19,0,192,2,192,2,1.0,0,1,437,NYG,0,0,0,1,0,0,0,29,0,0,4,0,1,0
NE,11,3,1,119,331,0,115,0,334,0,334,2,1.0,2,3,331,IND,0,0,0,1,0,2,0,24,1,2,0,0,3,2
NE,10,2,2,162,237,0,117,0,337,0,337,2,3.0,2,1,237,BUF,0,0,0,2,0,0,0,31,0,0,0,0,2,2
NE,13,1,1,101,238,0,108,0,186,0,186,1,3.0,0,0,238,MIA,0,0,0,1,0,0,0,16,0,0,1,0,1,0
NE,12,3,4,119,295,0,152,0,262,1,262,2,2.0,1,1,295,NYJ,0,0,2,1,0,2,0,19,0,0,0,0,3,1
NE,15,1,1,180,443,0,95,1,216,2,216,3,1.0,4,1,443,SF,0,0,0,0,0,0,0,41,0,0,2,0,1,4
NE,14,4,0,100,296,1,130,0,247,0,247,1,2.0,0,1,296,HOU,0,0,0,2,0,0,0,14,0,0,1,0,4,0
NE,17,2,1,47,284,0,167,0,235,0,235,2,7.0,0,1,284,MIA,0,0,0,0,0,0,0,0,0,0,0,0,2,0
NE,16,2,0,93,267,0,103,0,348,0,348,0,1.0,1,3,267,JAC,0,0,0,0,0,0,0,16,0,0,2,0,2,1
NE,1,2,1,20,236,0,162,0,272,0,272,1,2.0,1,1,236,TEN,0,0,1,0,0,1,0,13,0,0,0,0,2,1
NE,3,1,0,121,335,0,77,0,382,0,382,2,0,3,1,335,BAL,0,0,0,1,0,0,0,31,0,0,0,0,1,3
NE,2,1,2,105,316,0,80,0,140,0,140,0,1.0,1,0,316,ARI,0,0,0,1,0,0,0,20,0,0,1,0,1,1
NE,5,1,3,70,223,0,251,0,345,1,345,3,2.0,3,0,223,DEN,0,0,0,0,0,0,0,21,0,0,0,0,1,3
NE,4,3,2,98,340,0,247,0,350,2,350,4,3.0,4,4,340,BUF,0,0,0,0,0,0,0,28,0,0,0,0,3,4
NE,7,2,1,106,259,0,131,0,328,1,328,0,4.0,1,1,259,NYJ,0,0,0,1,0,0,0,26,0,0,0,1,2,1
NE,6,2,2,85,395,0,87,0,293,0,293,0,2.0,3,0,395,SEA,0,0,0,0,0,0,0,24,0,0,2,0,2,3
NE,9,0,0,0,0,0,0,0,0,0,0,0,0,0,0,0,bye,0,0,0,0,0,0,0,0,0,0,0,0
NE,8,4,0,107,321,0,151,0,244,0,244,2,2.0,1,2,321,STL,0,0,0,0,0,0,0,7,0,0,0,0,4,1
SEA,11,0,0,0,0,0,0,0,0,0,0,0,0,0,0,0,bye,0,0,0,0,0,0,0,0,0,0,0,0
SEA,10,3,2,84,211,0,174,0,132,2,132,1,3.0,0,1,211,NYJ,0,0,0,0,0,0,0,7,0,0,0,0,3,0
SEA,13,2,0,132,293,0,176,0,233,1,233,1,1.0,2,0,293,CHI,0,0,0,0,0,0,0,17,0,0,0,0,2,2
SEA,12,2,0,189,224,0,96,0,253,0,253,0,1.0,1,1,224,MIA,0,0,0,2,0,0,0,24,0,0,0,1,2,1
SEA,15,1,1,118,205,0,270,0,247,0,247,4,3.0,1,2,205,BUF,0,0,0,1,0,1,0,17,0,1,0,0,1,1
SEA,14,1,4,43,216,0,284,0,133,0,133,4,3.0,0,4,216,ARI,0,0,1,0,0,2,0,0,0,1,1,0,1,0
SEA,17,1,0,79,250,0,153,0,252,0,252,1,0,1,1,250,STL,0,0,0,0,0,0,0,13,0,0,0,0,1,1
SEA,16,4,1,82,171,0,176,0,244,0,244,1,1.0,1,1,171,SF,0,0,0,0,0,1,1,13,0,0,1,0,4,1
SEA,1,1,1,43,153,0,115,0,215,1,215,0,1.0,1,1,153,ARI,0,0,0,1,0,0,0,20,0,0,1,0,1,1
SEA,3,2,0,84,130,0,127,0,223,0,223,0,8.0,0,0,130,GB,0,0,0,1,0,0,0,12,0,0,0,0,2,0
SEA,2,1,1,49,151,0,182,0,251,0,251,1,1.0,1,1,151,DAL,0,0,0,0,0,1,1,7,0,0,0,0,1,1
SEA,5,1,1,82,221,0,98,0,141,1,141,0,4.0,0,0,221,CAR,0,0,0,0,0,0,0,12,0,0,2,0,1,0
SEA,4,0,0,75,160,0,179,0,223,0,223,1,2.0,1,1,160,STL,0,0,0,0,0,0,0,19,0,0,3,0,0,1
SEA,7,0,0,175,122,0,136,0,140,0,140,0,2.0,1,1,122,SF,0,0,0,0,0,0,0,13,0,0,1,0,0,1
SEA,6,3,0,87,293,0,85,0,395,2,395,0,1.0,2,2,293,NE,0,0,0,0,0,0,0,23,0,0,0,0,3,2
SEA,9,3,1,243,198,0,195,0,63,0,63,1,4.0,0,1,198,MIN,0,0,0,2,0,0,0,20,0,0,0,0,3,0
SEA,8,2,0,84,229,0,133,0,352,1,352,1,2.0,3,1,229,DET,0,0,0,1,0,0,0,28,0,0,1,0,2,3
CHI,11,1,0,123,107,0,85,0,243,0,243,0,2.0,2,0,107,SF,0,0,0,1,0,0,0,32,0,0,2,0,1,2
CHI,10,0,0,127,134,0,115,0,95,2,95,0,1.0,1,2,134,HOU,0,0,0,0,0,0,0,13,0,0,2,0,0,1
CHI,13,2,1,176,233,0,132,0,293,0,293,0,2.0,2,0,233,SEA,0,0,0,1,0,0,0,23,0,0,0,0,2,2
CHI,12,1,2,114,188,0,113,0,159,1,159,2,2.0,1,1,188,MIN,0,0,0,0,0,0,0,10,0,0,1,0,1,1
CHI,15,1,2,113,135,0,83,0,291,0,291,0,3.0,3,0,135,GB,0,0,0,0,0,0,0,21,0,0,1,0,1,3
CHI,14,2,0,171,324,0,118,0,91,0,91,0,1.0,0,1,324,MIN,0,0,0,2,0,0,0,21,0,0,2,0,2,0
CHI,17,1,3,72,257,0,144,0,272,0,272,1,1.0,3,1,257,DET,0,0,0,0,0,0,0,24,0,0,0,0,1,3
CHI,16,1,1,29,146,0,152,0,246,1,246,1,4.0,0,2,146,ARI,0,0,1,0,0,2,0,13,0,1,0,0,1,0
CHI,1,2,2,63,333,0,114,0,309,0,309,3,3.0,1,3,333,IND,0,0,0,1,0,0,0,21,0,0,1,0,2,1
CHI,3,0,0,59,183,0,103,0,152,0,152,1,6.0,0,2,183,STL,0,0,0,0,0,1,0,6,0,1,1,0,0,0
CHI,2,1,1,106,126,0,94,0,246,0,246,0,5.0,2,1,126,GB,0,0,0,0,0,0,0,23,0,0,4,0,1,2
CHI,5,2,1,60,292,0,214,0,142,0,142,1,3.0,0,2,292,JAC,0,0,0,0,0,2,0,3,0,2,1,0,2,0
CHI,4,2,0,41,275,0,93,0,396,1,396,0,1.0,2,5,275,DAL,0,0,0,0,0,2,0,18,0,2,0,0,2,2
CHI,7,1,3,99,150,0,171,0,261,0,261,0,3.0,1,1,150,DET,0,0,0,0,0,0,0,7,0,0,0,0,1,1
CHI,6,0,0,0,0,0,0,0,0,0,0,0,0,0,0,0,bye,0,0,0,0,0,0,0,0,0,0,0,0
CHI,9,3,4,159,229,0,160,0,194,1,194,1,2.0,1,1,229,TEN,0,0,0,1,0,2,1,20,0,1,0,0,3,1
CHI,8,1,0,119,186,0,79,1,314,2,314,1,2.0,0,2,186,CAR,0,0,0,0,0,1,0,22,0,1,1,0,1,0
TB,11,3,1,97,248,0,167,0,252,1,252,0,2.0,1,0,248,CAR,0,1,0,1,0,0,0,21,0,0,2,0,3,1
TB,10,2,0,103,210,0,74,0,337,0,337,0,2.0,3,2,210,SD,0,0,0,0,0,2,1,24,0,1,0,0,2,3
TB,13,2,0,91,242,0,71,0,242,0,242,0,0,3,1,242,DEN,0,0,0,0,0,0,0,31,0,0,1,0,2,3
TB,12,0,1,79,284,0,50,0,353,0,353,2,1.0,1,1,284,ATL,0,0,0,2,0,0,0,24,0,0,0,0,0,1
TB,15,0,0,149,330,0,67,0,307,1,307,0,1.0,4,0,330,NO,0,0,0,1,0,0,0,41,0,0,4,0,0,4
TB,14,2,1,29,189,0,136,0,381,0,381,1,6.0,2,0,189,PHI,0,0,0,1,0,0,0,23,0,0,0,0,2,2
TB,17,1,0,65,222,0,144,0,238,0,238,1,2.0,1,0,222,ATL,0,0,0,1,0,0,0,17,0,0,1,0,1,1
TB,16,1,1,89,372,0,80,0,196,1,196,0,0,2,1,372,STL,0,0,0,1,0,0,0,28,0,0,4,0,1,2
TB,1,1,0,10,138,0,130,0,303,0,303,0,3.0,1,2,138,CAR,0,0,0,0,0,0,0,10,0,0,0,0,1,1
TB,3,1,2,38,110,0,75,0,283,1,283,0,4.0,0,1,110,DAL,0,0,0,1,0,0,0,16,0,0,1,0,1,0
TB,2,2,0,94,243,0,79,0,510,0,510,1,0,3,3,243,NYG,0,0,0,1,0,1,0,41,0,1,2,0,2,3
TB,5,0,0,0,0,0,0,0,0,0,0,0,0,0,0,0,bye,0,0,0,0,0,0,0,0,0,0,0,0
TB,4,1,0,160,299,0,80,1,323,0,323,1,2.0,0,0,299,WAS,0,0,0,2,0,0,0,24,0,0,1,0,1,0
TB,7,3,0,81,420,0,98,0,377,0,377,1,0,4,1,420,NO,0,0,0,1,0,0,0,35,0,0,0,0,3,4
TB,6,3,0,80,328,0,145,0,180,1,180,1,0,0,2,328,KC,0,0,0,0,0,1,0,10,0,1,1,0,3,0
TB,9,2,0,22,247,0,278,0,418,1,418,4,2.0,4,3,247,OAK,0,0,0,0,0,0,0,32,0,0,0,0,2,4
TB,8,3,2,140,262,0,159,0,251,0,251,1,3.0,1,1,262,MIN,0,0,0,1,0,0,0,17,0,0,0,0,3,1
PIT,11,0,0,47,201,0,134,0,164,2,164,1,2.0,0,0,201,BAL,0,0,0,0,0,0,0,13,0,0,1,0,0,0
PIT,10,1,0,142,157,0,95,0,154,1,154,0,2.0,0,1,157,KC,0,0,0,1,0,0,0,13,0,0,0,0,1,0
PIT,13,1,1,111,276,0,96,0,188,1,188,1,3.0,1,1,276,BAL,0,0,0,1,0,0,0,20,0,0,2,0,1,1
PIT,12,0,0,108,199,0,49,0,158,5,158,1,4.0,1,1,199,CLE,0,0,0,1,0,1,0,20,0,1,3,0,0,1
PIT,15,2,1,87,339,0,69,0,341,1,341,1,1.0,2,0,339,DAL,0,0,0,1,0,0,0,27,0,0,1,0,2,2
PIT,14,3,0,94,285,0,69,0,200,1,200,0,1.0,3,0,285,SD,0,0,0,0,0,0,0,34,0,0,1,0,3,3
PIT,17,3,3,138,134,0,91,0,204,0,204,0,4.0,1,1,134,CLE,0,0,0,0,0,0,0,10,0,0,0,0,3,1
PIT,16,1,1,14,220,0,95,0,278,1,278,0,6.0,0,2,220,CIN,0,0,0,0,0,0,0,13,0,0,2,0,1,0
PIT,1,2,1,94,245,0,75,0,253,0,253,0,2.0,2,0,245,DEN,0,0,0,1,0,0,0,31,0,0,1,0,2,2
PIT,3,4,0,119,384,0,54,0,209,2,209,0,1.0,3,1,384,OAK,0,0,0,1,0,0,0,34,0,0,0,0,4,3
PIT,2,2,1,90,275,0,66,0,138,0,138,1,2.0,1,0,275,NYJ,0,0,0,0,0,0,0,10,0,0,0,0,2,1
PIT,5,0,2,78,207,0,136,0,175,0,175,1,3.0,2,0,207,PHI,0,0,0,0,0,0,0,14,0,0,0,0,0,2
PIT,4,0,0,0,0,0,0,0,0,0,0,0,0,0,0,0,bye,0,0,0,0,0,0,0,0,0,0,0,0
PIT,7,1,0,80,278,0,167,0,105,1,105,1,0,1,1,278,CIN,0,1,0,1,0,0,0,17,0,0,1,0,1,1
PIT,6,1,0,94,363,0,56,0,290,0,290,1,3.0,1,1,363,TEN,0,0,0,1,0,0,0,26,0,0,1,0,1,1
PIT,9,2,0,68,216,0,158,0,125,1,125,1,2.0,0,1,216,NYG,0,0,0,1,0,0,0,20,0,0,1,0,2,0
PIT,8,3,0,86,222,0,140,0,177,0,177,0,1.0,1,0,222,WAS,0,0,0,0,0,0,0,12,0,0,0,0,3,1
STL,11,2,0,124,170,0,114,0,177,2,177,0,3.0,1,0,170,NYJ,0,0,0,2,0,0,0,27,0,0,1,0,2,1
STL,10,2,0,183,315,0,159,0,189,1,189,1,5.0,1,0,315,SF,0,0,0,2,0,0,0,24,0,0,0,0,2,1
STL,13,0,1,148,221,0,85,0,208,0,208,0,3.0,0,0,221,SF,0,0,1,1,0,1,0,13,0,0,0,0,0,0
STL,12,2,0,74,205,0,173,0,312,0,312,0,2.0,0,4,205,ARI,0,0,0,2,0,2,0,17,0,2,1,0,2,0
STL,15,3,0,213,377,0,87,0,131,1,131,0,2.0,0,0,377,MIN,0,1,0,2,0,0,0,36,0,0,1,0,3,0
STL,14,1,1,61,209,0,78,0,247,0,247,1,4.0,1,1,209,BUF,0,1,0,0,0,0,0,12,0,0,1,0,1,1
STL,17,1,0,153,252,0,79,0,250,0,250,0,6.0,1,0,252,SEA,0,0,0,1,0,0,0,20,0,0,1,0,1,1
STL,16,2,1,80,196,0,89,0,372,1,372,1,5.0,1,4,196,TB,0,0,0,0,0,1,0,13,0,1,1,0,2,1
STL,1,1,0,83,198,0,78,0,355,0,355,0,1.0,1,3,198,DET,0,0,0,2,0,1,0,27,0,1,0,0,1,1
STL,3,0,0,103,152,0,59,0,183,0,183,0,2.0,0,1,152,CHI,0,0,0,1,0,0,0,23,0,0,2,0,0,0
STL,2,3,0,176,310,0,151,0,206,2,206,0,1.0,1,1,310,WAS,0,0,0,2,0,0,0,28,0,0,1,0,3,1
STL,5,2,1,45,141,0,111,0,289,0,289,0,9.0,0,0,141,ARI,0,0,0,0,0,0,0,3,0,0,1,0,2,0
STL,4,1,0,179,223,0,75,0,160,0,160,0,2.0,0,3,223,SEA,0,0,0,1,0,0,0,13,0,0,1,0,1,0
STL,7,1,0,70,255,0,108,0,342,0,342,1,3.0,3,0,255,GB,0,0,0,0,0,0,0,30,0,0,1,0,1,3
STL,6,0,0,19,315,0,162,0,185,1,185,1,2.0,2,0,315,MIA,0,1,0,0,0,0,0,17,0,0,0,0,0,2
STL,9,0,0,0,0,0,0,0,0,0,0,0,0,0,0,0,bye,0,0,0,0,0,0,0,0,0,0,0,0
STL,8,1,0,151,244,0,107,0,321,0,321,0,0,4,0,244,NE,0,0,0,2,0,0,0,45,0,0,2,0,1,4
CLE,11,2,1,63,210,0,119,0,313,1,313,0,7.0,1,0,210,DAL,0,0,0,1,0,0,0,23,0,0,0,0,2,1
CLE,10,0,0,0,0,0,0,0,0,0,0,0,0,0,0,0,bye,0,0,0,0,0,0,0,0,0,0,0,0
CLE,13,1,0,85,364,0,122,0,351,0,351,1,1.0,2,1,364,OAK,0,0,0,0,0,0,0,17,0,0,2,0,1,2
CLE,12,1,5,49,158,0,108,0,199,0,199,1,1.0,0,3,158,PIT,0,0,0,1,0,0,0,14,0,0,1,0,1,0
CLE,15,1,0,122,244,0,58,0,329,0,329,2,2.0,2,1,244,WAS,0,0,0,3,0,0,0,38,0,0,2,0,1,2
CLE,14,0,0,180,217,0,154,0,159,0,159,2,5.0,0,1,217,KC,0,0,0,1,0,0,0,7,1,0,0,0,0,0
CLE,17,1,0,91,204,0,138,0,134,3,134,0,2.0,3,0,204,PIT,0,0,0,0,0,0,0,24,0,0,1,0,1,3
CLE,16,1,0,118,183,0,91,0,339,1,339,0,0,3,1,183,DEN,0,0,0,1,0,0,0,34,0,0,0,0,1,3
CLE,1,0,1,150,118,0,99,0,317,0,317,0,2.0,2,4,118,PHI,0,0,0,0,0,1,0,17,0,1,4,0,0,2
CLE,3,1,1,138,237,0,33,0,208,0,208,1,0,3,0,237,BUF,0,0,0,0,0,0,0,24,0,0,2,0,1,3
CLE,2,2,0,80,322,0,130,0,318,1,318,1,6.0,3,1,322,CIN,0,0,0,0,0,0,0,34,0,0,0,0,2,3
CLE,5,2,1,243,291,0,84,0,259,1,259,1,0,3,1,291,NYG,0,0,0,2,0,0,0,41,0,0,2,0,2,3
CLE,4,0,0,101,320,0,43,0,356,1,356,1,4.0,1,1,320,BAL,0,0,0,1,0,0,0,23,0,0,1,0,0,1
CLE,7,2,1,148,264,0,55,0,186,0,186,0,3.0,0,0,264,IND,0,0,0,2,0,0,0,17,0,0,0,0,2,0
CLE,6,2,1,76,231,0,111,0,381,0,381,1,2.0,3,3,231,CIN,0,0,0,0,0,1,0,24,0,1,1,0,2,3
CLE,9,0,0,137,176,0,116,0,153,0,153,0,1.0,1,0,176,BAL,0,0,0,2,0,0,0,25,0,0,2,0,0,1
CLE,8,0,1,117,129,0,133,0,154,0,154,1,1.0,0,0,129,SD,0,0,0,0,0,0,0,6,0,0,0,0,0,0
HOU,11,5,1,86,527,0,136,0,378,1,378,0,2.0,4,0,527,JAC,0,0,0,0,0,0,0,37,0,0,2,0,5,4
HOU,10,1,2,115,95,0,127,0,134,0,134,0,0,0,2,95,CHI,0,0,0,0,0,0,0,6,0,0,2,0,1,0
HOU,13,2,3,89,207,0,125,0,309,0,309,1,5.0,1,3,207,TEN,0,0,0,0,0,0,0,10,0,0,0,0,2,1
HOU,12,1,1,106,315,0,286,0,441,0,441,4,3.0,2,0,315,DET,0,0,0,2,0,0,0,31,0,0,1,0,1,2
HOU,15,1,1,124,261,0,178,0,186,0,186,0,5.0,2,0,261,IND,0,0,0,0,0,1,1,17,0,0,0,0,1,2
HOU,14,0,0,130,247,0,100,1,296,0,296,2,1.0,4,1,247,NE,0,0,0,1,0,0,0,42,0,0,1,0,0,4
HOU,17,0,0,81,275,0,102,0,191,0,191,1,1.0,2,0,275,IND,1,0,0,1,0,0,0,28,0,0,2,0,0,2
HOU,16,0,1,174,178,0,34,0,174,2,174,0,1.0,1,0,178,MIN,0,0,0,1,0,0,0,23,0,0,0,0,0,1
HOU,1,1,1,79,266,0,83,0,219,0,219,2,3.0,0,3,266,MIA,0,0,0,0,0,0,0,10,0,0,0,0,1,0
HOU,3,4,1,59,290,0,152,0,330,1,330,0,3.0,2,0,290,DEN,0,0,0,0,0,0,0,25,0,0,1,0,4,2
HOU,2,0,1,65,195,0,216,0,76,0,76,3,3.0,1,0,195,JAC,0,0,0,0,0,0,0,7,0,0,0,0,0,1
HOU,5,1,0,69,209,0,169,0,230,0,230,1,3.0,1,2,209,NYJ,1,0,0,0,0,0,0,17,0,0,1,0,1,1
HOU,4,2,1,158,202,0,95,0,193,0,193,1,4.0,2,2,202,TEN,0,0,0,0,0,2,0,14,0,2,0,0,2,2
HOU,7,2,0,55,256,0,181,0,147,0,147,2,4.0,1,2,256,BAL,0,0,0,0,1,1,0,13,0,1,0,0,2,1
HOU,6,0,0,99,255,0,90,0,338,0,338,2,2.0,6,0,255,GB,0,0,0,0,0,1,1,42,0,0,3,0,0,6
HOU,9,2,1,78,268,0,118,0,239,0,239,1,3.0,0,0,268,BUF,0,0,0,0,0,0,0,9,0,0,0,0,2,0
HOU,8,0,0,0,0,0,0,0,0,0,0,0,0,0,0,0,bye,0,0,0,0,0,0,0,0,0,0,0,0
GB,11,2,2,110,236,0,95,0,266,0,266,0,5.0,1,2,236,DET,0,0,0,1,0,1,0,20,0,1,1,0,2,1
GB,10,0,0,0,0,0,0,0,0,0,0,0,0,0,0,0,bye,0,0,0,0,0,0,0,0,0,0,0,0
GB,13,1,0,240,286,0,152,0,119,0,119,1,0,1,2,286,MIN,0,0,0,1,0,0,0,14,0,0,1,0,1,1
GB,12,1,0,147,230,0,116,0,249,1,249,0,1.0,3,0,230,NYG,0,0,0,2,0,0,0,38,0,0,1,0,1,3
GB,15,3,0,83,291,0,113,0,135,2,135,0,4.0,1,1,291,CHI,0,0,0,0,0,0,0,13,0,0,0,0,3,1
GB,14,0,1,135,173,0,140,0,264,1,264,2,0,1,1,173,DET,0,0,1,1,0,1,0,20,0,0,0,0,0,1
GB,17,4,0,217,365,0,72,0,234,1,234,0,1.0,3,0,365,MIN,0,0,0,1,0,0,0,37,0,0,0,0,4,3
GB,16,3,0,79,351,0,117,0,140,0,140,4,7.0,1,2,351,TEN,0,0,0,0,0,0,0,7,0,0,0,0,3,1
GB,1,2,0,186,303,0,45,0,211,0,211,0,4.0,2,0,303,SF,0,0,0,1,0,0,0,30,1,0,1,0,2,2
GB,3,0,0,127,223,0,84,0,130,0,130,1,1.0,2,0,223,SEA,0,0,0,0,0,0,0,14,0,0,0,0,0,2
GB,2,2,0,94,246,0,106,0,126,1,126,0,7.0,1,4,246,CHI,0,0,0,0,0,0,0,10,0,0,1,0,2,1
GB,5,3,0,119,243,0,141,0,362,0,362,1,4.0,2,1,243,IND,0,0,0,1,0,0,0,30,0,0,1,0,3,2
GB,4,4,0,45,319,0,102,0,446,1,446,0,2.0,3,0,319,NO,0,0,0,0,0,0,0,27,0,0,1,0,4,3
GB,7,3,0,108,342,0,70,0,255,0,255,0,3.0,1,1,342,STL,0,0,0,1,0,0,0,20,0,0,0,0,3,1
GB,6,6,0,90,338,0,99,0,255,0,255,0,3.0,0,3,338,HOU,0,0,0,2,0,0,0,24,0,0,0,0,6,0
GB,9,4,1,54,218,0,176,0,306,0,306,0,2.0,1,1,218,ARI,0,0,0,1,0,0,0,17,0,0,1,0,4,1
GB,8,2,1,62,186,0,66,0,303,1,303,0,2.0,1,0,186,JAC,0,0,0,0,0,1,1,15,0,0,0,0,2,1
WAS,11,4,1,80,200,0,169,0,204,0,204,0,4.0,0,2,200,PHI,0,0,0,0,0,0,0,6,0,0,0,0,4,0
WAS,10,0,0,0,0,0,0,0,0,0,0,0,0,0,0,0,bye,0,0,0,0,0,0,0,0,0,0,0,0
WAS,13,1,0,117,163,1,207,0,280,1,280,0,1.0,1,0,163,NYG,0,0,0,0,0,0,0,16,0,0,0,0,1,1
WAS,12,4,1,35,311,0,142,0,441,0,441,1,2.0,3,2,311,DAL,0,0,0,0,0,0,0,31,0,0,1,0,4,3
WAS,15,2,0,58,329,0,122,0,244,0,244,3,2.0,1,2,329,CLE,0,0,0,2,0,0,0,21,0,0,1,0,2,1
WAS,14,2,1,186,272,0,172,0,182,1,182,1,2.0,3,1,272,BAL,0,0,0,1,0,0,0,28,0,0,0,0,2,3
WAS,17,0,0,100,100,0,274,0,218,0,218,4,2.0,2,3,100,DAL,0,0,0,0,0,0,0,18,0,0,0,0,0,2
WAS,16,2,1,90,198,0,128,0,345,0,345,1,5.0,1,1,198,PHI,0,0,0,1,0,0,0,20,0,0,1,0,2,1
WAS,1,2,0,32,320,0,153,0,339,0,339,2,2.0,3,2,320,NO,0,0,0,0,0,0,0,32,0,0,0,0,2,3
WAS,3,1,1,93,221,0,213,0,401,1,401,2,2.0,4,1,221,CIN,0,0,0,1,0,1,0,38,0,1,0,0,1,4
WAS,2,1,2,151,206,0,176,0,310,0,310,2,2.0,3,1,206,STL,0,0,1,0,0,1,0,31,0,0,1,0,1,3
WAS,5,1,1,83,202,0,129,0,345,0,345,0,1.0,2,1,202,ATL,0,0,0,1,0,1,0,24,0,1,2,0,1,2
WAS,4,0,0,80,323,1,160,0,299,0,299,2,1.0,1,1,323,TB,0,0,0,1,0,0,0,22,0,0,0,0,0,1
WAS,7,2,0,64,258,0,248,0,337,3,337,0,1.0,1,2,258,NYG,0,0,0,2,0,0,0,27,0,0,1,0,2,1
WAS,6,1,1,94,182,0,183,0,352,0,352,3,3.0,2,2,182,MIN,0,0,0,0,0,1,0,26,0,1,1,0,1,2
WAS,9,0,0,129,215,0,151,0,201,0,201,1,0,1,0,215,CAR,0,0,0,2,0,0,0,21,0,0,0,0,0,1
WAS,8,1,0,140,177,0,86,0,222,0,222,0,1.0,3,0,177,PIT,0,0,0,0,0,0,0,27,0,0,0,0,1,3
JAC,11,4,1,136,378,0,86,0,527,1,527,0,2.0,5,2,378,HOU,0,0,0,0,0,0,0,43,0,0,0,0,4,5
JAC,10,1,1,138,330,0,37,0,227,1,227,0,2.0,0,1,330,IND,0,0,0,2,0,0,0,27,0,0,2,0,1,0
JAC,13,1,1,232,208,0,50,0,112,1,112,1,0,2,1,208,BUF,0,0,0,2,0,0,0,34,0,0,1,0,1,2
JAC,12,2,0,110,261,0,100,0,261,0,261,1,1.0,1,2,261,TEN,0,0,0,0,0,0,0,19,0,0,1,0,2,1
JAC,15,0,1,180,221,0,86,0,220,0,220,0,1.0,2,0,221,MIA,0,0,0,0,0,0,0,24,0,0,0,0,0,2
JAC,14,0,2,166,185,0,123,0,111,0,111,1,1.0,0,0,185,NYJ,0,0,0,2,0,0,0,17,0,0,2,0,0,0
JAC,17,2,0,79,298,0,122,0,152,0,152,0,2.0,0,0,298,TEN,0,0,0,1,0,1,1,38,0,0,3,0,2,0
JAC,16,1,0,103,348,0,93,0,267,0,267,0,3.0,2,2,348,NE,0,0,0,0,0,0,0,23,0,0,3,0,1,2
JAC,1,2,1,123,260,0,113,0,270,1,270,0,2.0,0,0,260,MIN,0,1,0,2,0,0,0,26,0,0,0,0,2,0
JAC,3,1,0,124,155,0,185,0,313,0,313,1,0,2,1,155,IND,0,0,0,0,0,0,0,17,0,0,0,0,1,2
JAC,2,1,0,216,76,0,65,0,195,1,195,0,0,0,0,76,HOU,0,0,0,3,0,0,0,27,0,0,0,0,1,0
JAC,5,0,0,214,142,0,60,0,292,1,292,0,1.0,2,1,142,CHI,0,0,0,1,0,0,0,41,0,0,2,0,0,2
JAC,4,1,1,138,186,0,69,0,244,1,244,0,0,2,1,186,CIN,0,0,0,1,0,0,0,27,0,0,1,0,1,2
JAC,7,1,2,69,183,0,54,0,298,0,298,1,2.0,1,1,183,OAK,0,0,0,1,0,0,0,26,0,0,0,0,1,1
JAC,6,0,0,0,0,0,0,0,0,0,0,0,0,0,0,0,bye,0,0,0,0,0,0,0,0,0,0,0,0
JAC,9,2,0,149,220,0,64,0,285,0,285,0,1.0,0,0,220,DET,0,1,0,4,0,0,0,31,0,0,2,0,2,0
JAC,8,1,1,66,303,0,62,0,186,1,186,0,2.0,2,0,303,GB,0,0,0,0,0,0,0,24,0,0,0,0,1,2
KC,11,0,0,189,188,0,113,0,230,1,230,0,2.0,2,0,188,CIN,0,0,0,2,0,0,0,28,0,0,0,0,0,2
KC,10,0,1,95,154,0,142,0,157,0,157,1,1.0,1,0,154,PIT,0,0,0,0,0,0,0,16,0,0,1,0,0,1
KC,13,2,0,165,201,0,158,0,232,0,232,1,2.0,3,0,201,CAR,0,0,0,0,0,0,0,21,0,0,0,0,2,3
KC,12,0,0,95,126,0,148,0,285,0,285,0,2.0,2,1,126,DEN,0,0,0,0,0,0,0,17,0,0,1,0,0,2
KC,15,0,1,203,136,0,10,0,182,0,182,0,0,0,0,136,OAK,0,0,0,0,0,0,0,15,0,0,1,0,0,0
KC,14,0,0,154,159,0,180,0,217,0,217,1,3.0,0,0,159,CLE,0,0,0,2,0,0,0,30,0,0,1,0,0,0
KC,17,0,1,172,49,0,93,0,316,0,316,0,0,3,0,49,DEN,0,0,0,2,0,0,0,38,0,0,0,0,0,3
KC,16,0,0,90,162,0,352,0,205,1,205,1,3.0,1,0,162,IND,0,0,0,0,0,0,0,20,0,0,2,0,0,1
KC,1,1,0,84,258,0,152,0,299,1,299,2,1.0,3,0,258,ATL,0,0,0,1,0,0,0,40,0,0,2,0,1,3
KC,3,0,0,83,248,0,273,0,240,2,240,1,4.0,3,1,248,NO,0,0,0,0,1,0,0,24,0,0,1,0,0,3
KC,2,2,0,201,301,0,150,0,178,2,178,0,0,2,0,301,BUF,0,0,0,2,0,0,0,35,0,0,1,0,2,2
KC,5,0,1,133,124,0,214,0,187,2,187,0,4.0,0,1,124,BAL,0,0,0,0,0,0,0,9,0,0,2,0,0,0
KC,4,2,0,104,251,0,119,0,209,3,209,1,3.0,2,1,251,SD,0,0,0,1,0,0,0,37,0,0,3,0,2,2
KC,7,0,0,0,0,0,0,0,0,0,0,0,0,0,0,0,bye,0,0,0,0,0,0,0,0,0,0,0,0
KC,6,0,1,145,180,0,80,0,328,0,328,0,1.0,3,1,180,TB,0,0,1,1,0,1,0,38,0,0,2,0,0,3
KC,9,0,1,123,181,0,113,0,220,3,220,1,1.0,2,1,181,SD,0,0,0,0,0,0,0,31,0,0,1,0,0,2
KC,8,1,0,135,219,0,102,0,209,2,209,0,0,2,1,219,OAK,0,0,0,0,0,0,0,26,0,0,2,0,1,2
PHI,11,0,0,169,204,0,80,0,200,1,200,0,2.0,4,0,204,WAS,0,0,0,0,0,0,0,31,0,0,2,0,0,4
PHI,10,2,0,101,289,0,91,0,209,1,209,1,3.0,2,0,289,DAL,0,0,0,0,0,0,0,38,0,0,1,0,2,2
PHI,13,1,0,123,251,0,183,0,303,1,303,2,2.0,3,0,251,DAL,0,0,0,1,0,0,0,38,1,0,0,0,1,3
PHI,12,0,0,109,119,0,204,0,306,3,306,2,2.0,2,0,119,CAR,0,0,0,2,0,0,0,30,0,0,0,0,0,2
PHI,15,1,2,157,182,0,42,0,127,4,127,0,6.0,1,0,182,CIN,0,0,0,2,0,0,0,34,0,0,1,0,1,1
PHI,14,2,0,136,381,0,29,0,189,1,189,1,2.0,2,0,381,TB,0,0,0,1,0,0,0,21,0,0,0,0,2,2
PHI,17,1,0,185,211,0,110,0,223,0,223,0,1.0,5,0,211,NYG,0,0,0,1,0,0,0,42,0,0,1,0,1,5
PHI,16,1,0,128,345,0,90,0,198,1,198,1,1.0,2,1,345,WAS,0,0,0,1,0,0,0,27,0,0,1,0,1,2
PHI,1,2,0,99,317,0,150,0,118,1,118,0,2.0,0,4,317,CLE,0,0,0,0,0,0,0,16,0,0,4,0,2,0
PHI,3,0,0,99,217,0,126,0,222,3,222,0,3.0,2,0,217,ARI,0,0,0,0,0,0,0,27,0,0,0,0,0,2
PHI,2,1,1,111,371,0,129,0,232,2,232,2,2.0,1,1,371,BAL,0,0,0,1,0,0,0,23,0,0,2,0,1,1
PHI,5,2,0,136,175,0,78,0,207,2,207,0,0,0,0,175,PIT,0,0,0,1,0,0,0,16,0,0,0,0,2,0
PHI,4,1,0,57,241,0,191,0,309,0,309,0,0,2,1,241,NYG,0,0,0,0,0,0,0,17,0,0,0,0,1,2
PHI,7,0,0,0,0,0,0,0,0,0,0,0,0,0,0,0,bye,0,0,0,0,0,0,0,0,0,0,0,0
PHI,6,2,0,138,311,0,71,0,311,1,311,0,0,1,1,311,DET,0,0,0,1,0,0,0,26,0,0,2,0,2,1
PHI,9,1,2,140,272,0,221,0,239,1,239,0,2.0,2,0,272,NO,0,0,0,1,0,0,0,28,0,0,1,0,1,2
PHI,8,1,0,146,191,0,92,0,262,0,262,1,2.0,3,0,191,ATL,0,0,0,0,0,0,0,30,0,0,0,0,1,3
BUF,11,0,1,60,168,0,120,0,141,0,141,0,3.0,1,2,168,MIA,1,0,0,0,0,0,0,14,1,0,0,0,0,1
BUF,10,2,0,117,337,0,162,0,237,2,237,2,1.0,2,0,337,NE,0,0,0,2,0,0,0,37,0,0,1,0,2,2
BUF,13,2,1,50,112,0,232,0,208,1,208,2,4.0,1,1,112,JAC,0,0,0,1,0,0,0,18,0,0,1,0,2,1
BUF,12,1,1,87,180,0,135,0,240,0,240,0,4.0,1,1,180,IND,0,0,0,0,0,0,0,20,0,0,1,0,1,1
BUF,15,1,0,270,247,0,118,0,205,1,205,1,2.0,1,0,247,SEA,0,0,0,4,0,0,0,50,0,0,2,0,1,1
BUF,14,1,0,78,247,0,61,0,209,1,209,0,1.0,1,1,247,STL,0,0,0,1,0,0,0,15,0,0,1,0,1,1
BUF,17,1,1,133,225,0,109,0,205,1,205,2,1.0,0,1,225,NYJ,0,0,0,0,0,1,0,9,0,1,0,0,1,0
BUF,16,1,0,182,240,0,154,0,130,3,130,0,2.0,2,0,240,MIA,0,0,0,1,0,0,0,24,0,0,1,0,1,2
BUF,1,3,0,118,195,0,195,0,266,1,266,1,0,3,1,195,NYJ,0,0,0,1,0,0,0,48,0,0,3,0,3,3
BUF,3,3,0,33,208,0,138,0,237,1,237,0,4.0,1,2,208,CLE,0,0,0,1,0,0,0,14,0,0,0,0,3,1
BUF,2,2,2,150,178,0,201,0,301,0,301,2,5.0,2,1,178,KC,0,0,0,0,0,0,0,17,1,0,0,0,2,2
BUF,5,0,1,311,126,0,89,0,310,1,310,0,0,3,0,126,SF,0,0,0,3,0,0,0,45,0,0,1,0,0,3
BUF,4,4,2,247,350,0,98,0,340,2,340,0,1.0,3,0,350,NE,0,0,0,4,0,0,0,52,0,0,4,0,4,3
BUF,7,3,0,197,225,0,166,0,205,1,205,0,2.0,1,0,225,TEN,0,0,0,4,0,0,0,35,0,0,1,1,3,1
BUF,6,0,0,182,153,0,165,0,173,1,173,2,5.0,1,2,153,ARI,0,0,0,0,1,0,0,16,0,0,1,0,0,1
BUF,9,0,0,118,239,0,78,0,268,1,268,0,2.0,2,0,239,HOU,0,0,0,1,0,0,0,21,0,0,0,0,0,2
BUF,8,0,0,0,0,0,0,0,0,0,0,0,0,0,0,0,bye,0,0,0,0,0,0,0,0,0,0,0,0
IND,11,2,0,115,334,0,119,0,331,1,331,1,0,3,0,334,NE,0,0,0,2,0,0,0,59,0,0,3,0,2,3
IND,10,0,1,37,227,0,138,0,330,1,330,2,4.0,1,2,227,JAC,0,0,0,0,0,1,0,10,0,1,1,0,0,1
IND,13,4,0,138,391,0,87,0,313,0,313,1,0,2,1,391,DET,0,0,0,1,0,0,0,33,0,0,3,0,4,2
IND,12,1,0,135,240,0,87,0,180,1,180,0,2.0,1,1,240,BUF,0,0,0,0,0,0,0,13,1,0,1,0,1,1
IND,15,2,0,178,186,0,124,0,261,1,261,0,3.0,1,0,186,HOU,0,0,0,0,0,0,0,29,0,0,0,0,2,1
IND,14,1,0,97,196,0,98,0,262,0,262,1,1.0,1,2,196,TEN,0,0,0,0,0,1,0,23,0,1,2,0,1,1
IND,17,2,0,102,191,0,81,0,275,0,275,1,4.0,0,2,191,HOU,0,0,0,1,0,0,0,16,0,0,0,1,2,0
IND,16,1,1,352,205,0,90,0,162,0,162,0,1.0,0,2,205,KC,0,0,0,1,0,1,0,13,0,1,0,0,1,0
IND,1,1,0,114,309,0,63,0,333,2,333,1,2.0,2,1,309,CHI,0,0,0,3,0,1,0,41,0,1,3,0,1,2
IND,3,2,0,185,313,0,124,0,155,0,155,0,1.0,1,0,313,JAC,0,0,0,1,0,0,0,22,0,0,1,0,2,1
IND,2,2,1,95,224,0,84,0,245,0,245,0,4.0,2,0,224,MIN,0,0,0,0,0,0,0,20,0,0,0,0,2,2
IND,5,2,0,141,362,0,119,0,243,0,243,1,5.0,3,1,362,GB,0,0,0,1,0,0,0,27,0,0,1,0,2,3
IND,4,0,0,0,0,0,0,0,0,0,0,0,0,0,0,0,bye,0,0,0,0,0,0,0,0,0,0,0,0
IND,7,0,0,55,186,0,148,0,264,1,264,2,0,2,0,186,CLE,0,0,0,0,0,0,0,13,0,0,0,0,0,2
IND,6,0,0,252,280,0,41,0,105,2,105,0,1.0,2,0,280,NYJ,0,0,0,3,0,0,0,35,0,0,2,0,0,2
IND,9,2,0,84,433,0,97,0,290,0,290,0,1.0,1,0,433,MIA,0,0,0,1,0,0,0,20,0,0,0,0,2,1
IND,8,1,0,112,297,0,171,0,236,0,236,1,2.0,1,0,297,TEN,0,0,0,0,0,0,0,13,0,0,1,0,1,1
ARI,11,0,1,58,70,0,137,0,301,1,301,1,1.0,0,5,70,ATL,0,0,0,1,0,0,0,23,0,0,0,0,0,0
ARI,10,0,0,0,0,0,0,0,0,0,0,0,0,0,0,0,bye,0,0,0,0,0,0,0,0,0,0,0,0
ARI,13,0,1,177,72,0,81,0,126,0,126,0,3.0,1,3,72,NYJ,0,0,0,0,0,0,0,7,0,0,1,0,0,1
ARI,12,0,0,173,312,0,74,0,205,0,205,2,2.0,2,1,312,STL,0,0,0,0,0,0,0,31,0,0,4,0,0,2
ARI,15,0,1,84,104,0,99,0,246,0,246,3,2.0,0,3,104,DET,0,0,0,1,0,2,0,10,0,2,1,0,0,0
ARI,14,0,0,284,133,0,43,0,216,4,216,0,1.0,1,1,133,SEA,0,0,0,4,0,0,0,58,0,0,4,0,0,1
ARI,17,1,0,129,225,0,55,0,282,1,282,0,1.0,2,0,225,SF,0,0,0,1,0,0,0,27,0,0,1,0,1,2
ARI,16,0,1,152,246,0,29,0,146,1,146,0,1.0,1,0,246,CHI,0,0,0,1,0,1,1,28,0,0,2,0,0,1
ARI,1,1,1,115,215,0,43,0,153,1,153,1,3.0,1,1,215,SEA,0,0,0,0,0,0,0,16,0,0,1,0,1,1
ARI,3,2,3,126,222,0,99,0,217,0,217,0,5.0,0,0,222,PHI,0,0,1,0,0,1,0,6,0,0,0,0,2,0
ARI,2,1,0,80,140,0,105,0,316,2,316,1,4.0,1,1,140,NE,0,0,0,0,0,0,0,18,0,0,0,0,1,1
ARI,5,0,0,111,289,0,45,0,141,1,141,0,1.0,2,1,289,STL,0,0,0,0,0,0,0,17,0,0,0,0,0,2
ARI,4,3,2,86,324,0,28,0,431,0,431,0,4.0,1,2,324,MIA,0,0,0,1,0,0,0,21,0,0,2,0,3,1
ARI,7,1,0,166,262,0,126,0,58,1,58,1,3.0,1,2,262,MIN,0,0,0,1,0,0,0,21,0,0,1,0,1,1
ARI,6,1,1,165,173,0,182,0,153,0,153,0,2.0,0,1,173,BUF,0,0,0,2,0,0,0,19,0,0,2,0,1,0
ARI,9,1,0,176,306,0,54,0,218,1,218,1,1.0,4,1,306,GB,0,0,0,0,0,0,0,31,0,0,1,0,1,4
ARI,8,0,0,113,290,0,7,0,232,0,232,0,4.0,3,0,290,SF,0,0,0,0,0,0,0,24,0,0,1,0,0,3
SF,11,2,0,85,243,0,123,0,107,0,107,1,6.0,1,2,243,CHI,0,0,0,0,1,0,0,7,0,0,0,0,2,1
SF,10,1,1,159,189,0,183,0,315,0,315,2,2.0,2,0,189,STL,0,0,0,1,0,0,0,24,0,0,0,0,1,2
SF,13,0,0,85,208,0,148,0,221,1,221,1,2.0,0,0,208,STL,0,0,0,0,0,0,0,16,0,0,0,0,0,0
SF,12,1,0,59,231,0,144,0,267,1,267,1,5.0,3,2,231,NO,0,0,0,0,0,2,0,21,0,2,1,0,1,3
SF,15,4,2,95,216,1,180,0,443,1,443,0,3.0,1,2,216,NE,0,0,0,3,0,0,0,34,0,0,1,0,4,1
SF,14,0,1,94,185,0,155,0,150,0,150,3,2.0,1,0,185,MIA,0,0,0,0,0,0,0,13,0,0,0,0,0,1
SF,17,2,1,55,282,0,129,0,225,0,225,1,2.0,1,1,282,ARI,0,0,0,0,0,0,0,13,0,0,0,0,2,1
SF,16,1,0,176,244,0,82,0,171,1,171,0,1.0,4,1,244,SEA,0,0,0,1,0,0,0,42,0,0,1,0,1,4
SF,1,2,0,45,211,0,186,0,303,0,303,1,3.0,2,1,211,GB,0,0,0,0,0,0,0,22,0,0,0,0,2,2
SF,3,1,2,146,204,0,89,0,198,2,198,0,0,2,0,204,MIN,0,0,0,1,0,0,0,24,0,0,1,0,1,2
SF,2,2,0,82,226,0,148,0,230,1,230,1,2.0,1,1,226,DET,0,0,0,0,0,0,0,19,0,0,0,0,2,1
SF,5,3,1,89,310,0,311,0,126,1,126,3,1.0,0,1,310,BUF,0,0,0,0,0,0,0,3,0,0,0,0,3,0
SF,4,0,3,45,143,0,245,0,112,0,112,3,3.0,0,1,143,NYJ,0,0,1,0,0,1,0,0,0,0,0,0,0,0
SF,7,1,0,136,140,0,175,0,122,0,122,0,2.0,0,1,140,SEA,0,0,0,0,0,0,0,6,0,0,1,0,1,0
SF,6,0,0,149,282,0,80,0,193,0,193,0,0,1,0,282,NYG,0,0,0,1,0,0,0,26,0,0,3,0,0,1
SF,9,0,0,0,0,0,0,0,0,0,0,0,0,0,0,0,bye,0,0,0,0,0,0,0,0,0,0,0,0
SF,8,3,0,7,232,0,113,0,290,0,290,0,4.0,0,1,232,ARI,0,0,0,0,0,0,0,3,0,0,0,0,3,0
SD,11,2,1,112,258,0,53,0,270,1,270,0,3.0,3,1,258,DEN,0,0,0,0,1,1,0,30,0,1,2,0,2,3
SD,10,3,0,74,337,0,103,0,210,0,210,0,1.0,2,0,337,TB,0,0,0,0,0,0,0,34,0,0,2,0,3,2
SD,13,0,1,128,280,0,46,0,211,1,211,0,1.0,1,2,280,CIN,0,0,0,1,0,1,0,20,0,1,1,0,0,1
SD,12,1,0,127,228,0,91,0,355,0,355,0,5.0,1,0,228,BAL,0,0,0,0,0,0,0,16,0,0,0,0,1,1
SD,15,1,1,155,121,0,70,0,231,2,231,0,2.0,2,0,121,CAR,0,0,0,2,0,0,0,31,0,0,0,0,1,2
SD,14,3,1,69,200,0,94,0,285,0,285,0,2.0,3,1,200,PIT,0,0,1,0,0,1,0,24,0,0,0,0,3,3
SD,17,2,0,115,151,0,70,0,150,0,150,0,0,2,1,151,OAK,0,0,0,1,0,0,0,21,0,0,0,1,2,2
SD,16,2,1,69,165,0,87,0,227,0,227,0,11.0,0,1,165,NYJ,0,0,0,2,0,0,0,17,1,0,0,0,2,0
SD,1,1,1,45,231,0,32,0,297,0,297,0,3.0,1,0,231,OAK,0,0,0,0,0,0,0,14,0,0,0,0,1,1
SD,3,0,0,94,173,0,116,0,275,2,275,0,2.0,3,1,173,ATL,0,0,0,1,0,0,0,27,0,0,2,0,0,3
SD,2,3,0,38,284,0,148,0,174,0,174,2,0,1,1,284,TEN,0,0,0,0,0,0,0,10,0,0,1,0,3,1
SD,5,2,0,53,354,0,117,0,370,1,370,1,3.0,4,1,354,NO,0,0,0,0,0,0,0,31,0,0,1,0,2,4
SD,4,2,3,119,209,0,104,0,251,0,251,1,2.0,2,3,209,KC,0,0,0,1,0,1,0,20,0,1,1,0,2,2
SD,7,0,0,0,0,0,0,0,0,0,0,0,0,0,0,0,bye,0,0,0,0,0,0,0,0,0,0,0,0
SD,6,2,2,57,242,0,90,0,309,2,309,0,0,3,1,242,DEN,0,0,0,0,0,1,0,35,0,1,4,0,2,3
SD,9,2,3,113,220,0,123,0,181,1,181,0,1.0,0,1,220,KC,0,0,1,1,0,2,0,13,0,1,1,0,2,0
SD,8,0,0,133,154,0,117,0,129,1,129,0,2.0,0,0,154,CLE,0,0,0,1,0,0,0,7,0,0,0,0,0,0
