team_name,week,puntret_tds,defense_int_tds,receiving_tds,fumbles_lost,passing_int,defense_frec_tds,defense_frec,passing_yds,rushing_yds,defense_sk,fumbles_rec_tds,defense_safe,defense_int,kickret_tds,receiving_yds,defense_touchdowns,passing_tds,defense_misc_tds,points_allowed,passing_twoptm
MIN,11,0,0,0,0,0,0,0,0,0,0,0
MIN,10,0,0,2,0,0,0,1,221,2.0,0,0,24,1,189,221,2,0,0,0,0
MIN,13,0,0,1,0,2,0,0,119,2.0,0,0,23,1,240,119,1,0,0,0,0
MIN,12,0,0,1,2,1,0,1,159,1.0,0,0,28,1,114,159,1,0,0,0,0
MIN,15,0,1,0,0,0,0,1,131,4.0,0,0,22,1,213,131,0,1,0,0,0
MIN,14,0,1,0,0,1,0,0,91,2.0,0,0,14,2,171,91,0,1,0,0,0
MIN,17,0,0,3,0,0,0,1,234,5.0,0,0,34,0,217,234,3,0,0,0,0
MIN,16,0,0,1,1,0,0,2,174,4.0,0,0,6,0,174,174,1,0,0,0,0
MIN,AVG,0.0625,0.1875,1.125,0.6875,0.75,0.0,0.75,183.4375,164.1875,2.625,0.0,0.0,0.625,0.0625,183.4375,0.1875,1.125,0.0,21.75,0.0625
MIN,1,0,0,0,1,0,0,1,270,2.0,0,0,23,0,123,270,0,0,0,0,0
MIN,3,0,0,2,2,0,0,2,198,2.0,0,0,13,1,146,198,2,0,0,0,0
MIN,2,0,0,2,1,0,0,0,245,2.0,0,0,23,0,95,245,2,0,0,0,0
MIN,5,0,0,2,0,2,0,1,258,2.0,0,0,7,1,175,258,2,0,0,0,0
MIN,4,1,0,0,0,0,0,1,111,4.0,0,0,13,0,127,111,0,0,0,1,0
MIN,7,0,1,1,0,2,0,1,58,7.0,0,0,14,1,166,58,1,1,0,0,0
MIN,6,0,0,2,1,2,0,0,352,1.0,0,0,38,1,94,352,2,0,0,0,1
MIN,9,0,0,0,1,1,0,0,63,1.0,0,0,30,0,243,63,0,0,0,0,0
MIN,8,0,0,1,2,1,0,0,251,1.0,0,0,36,0,140,251,1,0,0,0,0
MIN,TOTAL,1,3,18,11,12,0,12,2935,2627,42.0,0,0,10,1,2935,3,18,0,348,1
MIA,11,0,0,1,1,2,0,0,141,3.0,0,0,19,0,60,141,1,0,0,1,0
MIA,10,0,0,0,1,3,0,0,217,1.0,0,0,37,0,54,217,0,0,0,0,0
MIA,13,0,0,0,1,0,0,0,186,4.0,0,0,23,1,101,186,0,0,0,0,0
MIA,12,0,0,1,0,1,0,0,253,2.0,0,0,21,0,189,253,1,0,0,0,0
MIA,15,0,0,2,1,0,0,0,220,2.0,0,0,3,0,180,220,2,0,0,0,1
MIA,14,0,0,1,1,0,0,0,150,4.0,0,0,27,0,94,150,1,0,0,0,0
MIA,17,0,0,0,1,1,0,0,235,1.0,0,0,28,0,47,235,0,0,0,0,0
MIA,16,0,0,2,0,0,0,3,130,2.0,0,0,10,1,182,130,2,0,0,0,0
MIA,AVG,0.0625,0.0,0.8125,0.8125,0.8125,0.0,0.375,214.0625,111.5,2.5625,0.0,0.0,0.625,0.0625,214.0625,0.0625,0.8125,0.0625,19.8125,0.125
MIA,1,1,0,0,1,3,0,0,219,2.0,0,0,30,0,79,219,0,0,0,0,0
MIA,3,0,0,0,1,1,0,0,196,1.0,0,0,23,2,185,196,0,0,0,0,0
MIA,2,0,0,1,0,0,0,0,200,0,0,0,13,1,259,200,1,0,0,0,0
MIA,5,0,0,0,2,0,0,1,223,3.0,0,0,13,2,68,223,0,0,0,0,0
MIA,4,0,0,1,2,2,0,0,431,8.0,0,0,24,2,86,431,1,0,0,0,1
MIA,7,0,0,0,0,0,0,0,0,0,0,0
MIA,6,0,0,2,0,0,0,1,185,3.0,0,0,14,0,19,185,2,0,0,0,0
MIA,9,0,0,1,0,0,0,0,290,1.0,0,0,23,0,84,290,1,0,0,0,0
MIA,8,0,0,1,1,0,0,1,149,4.0,0,0,9,1,97,149,1,1,1,0,0
MIA,TOTAL,1,0,13,13,13,0,6,3425,1784,41.0,0,0,10,1,3425,1,13,1,317,2
CAR,11,0,1,1,1,0,0,1,252,1.0,0,0,27,2,97,252,1,1,0,0,0
CAR,10,0,0,2,0,2,0,2,241,1.0,0,0,36,0,52,241,2,0,0,0,0
CAR,13,0,0,3,0,0,0,0,232,1.0,0,0,27,0,165,232,3,0,0,0,0
CAR,12,0,0,2,0,0,0,3,306,1.0,0,0,22,0,109,306,2,0,0,0,0
CAR,15,0,0,2,1,0,0,2,231,5.0,0,0,7,0,155,231,2,0,0,0,0
CAR,14,0,0,2,0,0,0,0,287,2.0,0,0,20,1,195,287,2,0,0,0,0
CAR,17,0,0,0,0,1,0,0,260,2.0,0,0,38,1,273,260,0,0,0,0,0
CAR,16,0,0,1,1,1,0,0,170,1.0,0,0,6,1,112,170,1,0,0,0,0
CAR,AVG,0.0,0.1875,1.1875,0.5625,0.75,0.0,0.75,245.4375,130.5,2.375,0.0625,0.0625,0.6875,0.0,245.4375,0.1875,1.1875,0.0,22.6875,0.0
CAR,1,0,0,1,0,2,0,0,303,2.0,0,0,16,0,10,303,1,0,0,0,0
CAR,3,0,0,0,2,3,0,0,288,2.0,0,0,36,0,60,288,0,0,0,0,0
CAR,2,0,1,1,1,0,0,0,253,1.0,0,0,27,2,219,253,1,1,0,0,0
CAR,5,0,1,0,1,0,0,1,141,2.0,0,1,16,2,82,141,0,1,0,0,0
CAR,4,0,0,2,1,0,0,0,215,7.0,0,0,30,1,199,215,2,0,0,0,0
CAR,7,0,0,1,1,1,0,1,233,0,0,0,19,0,112,233,1,0,0,0,0
CAR,6,0,0,0,0,0,0,0,0,0,0,0
CAR,9,0,0,1,0,0,0,0,201,4.0,0,0,13,0,129,201,1,0,0,0,0
CAR,8,0,0,0,0,2,0,2,314,6.0,1,0,23,1,119,314,0,0,0,0,0
CAR,TOTAL,0,3,19,9,12,0,12,3927,2088,38.0,1,1,11,0,3927,3,19,0,363,0
ATL,11,0,0,0,1,5,1,1,301,3.0,0,0,19,0,58,301,0,1,0,0,0
ATL,10,0,0,3,0,1,0,0,411,1.0,0,0,31,1,46,411,3,0,0,0,0
ATL,13,0,0,1,1,0,0,0,165,1.0,0,0,13,5,124,165,1,0,0,0,0
ATL,12,0,0,1,1,1,0,0,353,2.0,0,0,23,0,79,353,1,0,0,0,0
ATL,15,0,0,3,0,0,0,1,270,1.0,0,0,0,2,129,270,3,0,0,0,0
ATL,14,0,0,2,0,1,0,0,342,1.0,0,0,30,0,35,342,2,0,0,0,0
ATL,17,0,0,1,0,0,0,0,238,0,0,0,22,1,65,238,1,0,0,0,0
ATL,16,0,0,4,0,0,0,2,279,0,0,0,18,1,73,279,4,0,0,0,0
ATL,AVG,0.0,0.0625,2.0,0.25,0.875,0.0625,0.6875,294.9375,85.75,1.8125,0.0,0.0,1.25,0.0,294.9375,0.125,2.0,0.0,18.6875,0.0
ATL,1,0,0,3,0,0,0,1,299,3.0,0,0,24,2,84,299,3,0,0,0,0
ATL,3,0,0,3,0,1,0,2,275,1.0,0,0,3,2,94,275,3,0,0,0,0
ATL,2,0,0,2,0,0,0,1,219,3.0,0,0,21,3,67,219,2,0,0,0,0
ATL,5,0,0,2,1,1,0,0,345,3.0,0,0,17,2,83,345,2,0,0,0,0
ATL,4,0,0,3,0,1,0,1,369,3.0,0,0,28,0,121,369,3,0,0,0,0
ATL,7,0,0,0,0,0,0,0,0,0,0,0
ATL,6,0,1,1,0,3,0,2,249,3.0,0,0,20,1,45,249,1,1,0,0,0
ATL,9,0,0,0,0,0,0,0,342,1.0,0,0,13,0,123,342,0,0,0,0,0
ATL,8,0,0,3,0,0,0,0,262,3.0,0,0,17,0,146,262,3,0,0,0,0
ATL,TOTAL,0,1,32,4,14,1,11,4719,1372,29.0,0,0,20,0,4719,2,32,0,299,0
DET,11,0,0,1,2,2,0,0,266,3.0,0,0,24,1,110,266,1,0,0,0,0
DET,10,0,0,3,1,1,0,0,329,1.0,0,0,34,0,60,329,3,0,0,0,0
DET,13,0,0,2,0,1,0,0,313,2.0,0,0,35,3,138,313,2,0,0,0,0
DET,12,0,0,2,1,0,0,0,441,2.0,0,0,34,1,106,441,2,0,0,0,0
DET,15,0,0,0,1,3,0,0,246,1.0,0,0,38,1,84,246,0,0,0,0,0
DET,14,0,0,1,1,1,0,1,264,3.0,0,0,27,0,135,264,1,0,0,0,0
DET,17,0,0,3,3,1,0,0,272,1.0,0,0,26,0,72,272,3,0,0,0,0
DET,16,0,0,0,2,1,0,0,443,1.0,0,1,31,0,79,443,0,0,0,0,0
DET,AVG,0.0,0.0,1.375,1.0,1.0625,0.0,0.375,321.0625,100.875,1.9375,0.0,0.0625,0.6875,0.0,321.0625,0.0,1.375,0.0,27.3125,0.0625
DET,1,0,0,1,0,3,0,0,355,3.0,0,0,23,0,83,355,1,0,0,0,0
DET,3,0,0,3,1,0,0,2,450,0,0,0,44,0,141,450,3,0,0,0,1
DET,2,0,0,1,0,1,0,1,230,3.0,0,0,27,0,82,230,1,0,0,0,0
DET,5,0,0,0,0,0,0,0,0,0,0,0
DET,4,0,0,0,1,0,0,0,319,2.0,0,0,20,0,54,319,0,0,0,0,0
DET,7,0,0,1,3,1,0,0,261,5.0,0,0,13,0,99,261,1,0,0,0,0
DET,6,0,0,1,0,1,0,1,311,3.0,0,0,23,2,138,311,1,0,0,0,0
DET,9,0,0,0,0,0,0,0,285,1.0,0,0,14,2,149,285,0,0,0,0,0
DET,8,0,0,3,0,1,0,1,352,0,0,0,24,1,84,352,3,0,0,0,0
DET,TOTAL,0,0,22,16,17,0,6,5137,1614,31.0,0,1,11,0,5137,0,22,0,437,1
CIN,11,0,0,2,0,0,0,1,230,3.0,0,0,6,0,189,230,2,0,0,0,0
CIN,10,0,0,4,1,0,0,2,199,4.0,0,0,13,2,76,199,4,0,0,0,0
CIN,13,0,0,1,1,2,0,1,211,4.0,0,0,13,1,128,211,1,0,0,0,0
CIN,12,0,0,3,0,0,0,1,210,4.0,0,0,10,1,221,210,3,0,0,0,0
CIN,15,0,0,1,2,0,1,4,127,1.0,0,0,13,1,157,127,1,1,0,0,0
CIN,14,0,0,1,0,1,0,0,206,3.0,0,0,20,1,146,206,1,0,0,0,0
CIN,17,0,1,1,0,0,0,0,143,4.0,0,0,17,1,47,143,1,1,0,0,0
CIN,16,0,1,0,1,2,0,1,278,4.0,0,0,10,2,14,278,0,1,0,0,0
CIN,AVG,0.0625,0.125,1.75,0.625,1.0,0.0625,1.0,237.9375,109.0625,3.125,0.0,0.0,0.875,0.0,237.9375,0.1875,1.75,0.0,20.0,0.0
CIN,1,0,0,0,1,1,0,0,221,3.0,0,0,44,0,129,221,0,0,0,0,0
CIN,3,0,0,4,1,1,0,1,401,5.0,0,0,31,0,93,401,4,0,0,0,0
CIN,2,1,0,3,0,1,0,1,318,2.0,0,0,27,0,80,318,3,0,0,0,0
CIN,5,0,0,1,1,2,0,2,234,2.0,0,0,17,0,80,234,1,0,0,0,0
CIN,4,0,0,2,1,1,0,1,244,6.0,0,0,10,1,138,244,2,0,0,0,0
CIN,7,0,0,1,0,1,0,1,105,3.0,0,0,24,1,80,105,1,0,0,0,0
CIN,6,0,0,3,1,3,0,0,381,2.0,0,0,34,1,76,381,3,0,0,0,0
CIN,9,0,0,1,0,1,0,0,299,0,0,0,31,2,91,299,1,0,0,0,0
CIN,8,0,0,0,0,0,0,0,0,0,0,0
CIN,TOTAL,1,2,28,10,16,1,16,3807,1745,50.0,0,0,14,0,3807,3,28,0,320,0
NYJ,11,0,0,1,0,0,0,2,177,1.0,0,0,13,1,124,177,1,0,0,0,0
NYJ,10,0,0,0,2,1,1,2,132,4.0,0,0,28,0,84,132,0,1,0,0,0
NYJ,13,0,0,1,1,3,0,0,126,2.0,0,0,6,1,177,126,1,0,0,0,0
NYJ,12,0,0,1,4,1,0,1,262,0,0,0,49,0,119,262,1,0,0,0,0
NYJ,15,0,0,1,1,4,0,0,131,4.0,0,0,14,0,146,131,1,0,0,0,0
NYJ,14,0,0,0,2,0,0,0,111,3.0,0,0,10,2,166,111,0,0,0,0,0
NYJ,17,0,0,0,1,1,0,1,205,0,0,0,28,0,133,205,0,0,0,0,0
NYJ,16,0,0,0,1,1,0,0,227,4.0,0,0,27,0,69,227,0,0,0,0,0
NYJ,AVG,0.0625,0.125,0.875,1.125,1.1875,0.0625,0.75,196.1875,118.1875,1.875,0.0,0.0,0.6875,0.0625,196.1875,0.1875,0.875,0.0,23.4375,0.0
NYJ,1,1,1,3,0,1,0,1,266,0,0,0,28,3,118,266,3,1,0,0,0
NYJ,3,0,1,1,0,2,0,1,306,0,0,0,20,1,88,306,1,1,0,0,0
NYJ,2,0,0,1,1,0,0,0,138,3.0,0,0,27,0,90,138,1,0,0,0,0
NYJ,5,0,0,1,0,2,0,0,230,0,0,0,23,1,69,230,1,0,0,1,0
NYJ,4,0,0,0,3,1,0,0,112,2.0,0,0,34,0,45,112,0,0,0,0,0
NYJ,7,0,0,1,1,1,0,1,328,1.0,0,0,29,0,106,328,1,0,0,0,0
NYJ,6,0,0,2,0,0,0,2,105,4.0,0,0,9,2,252,105,2,0,0,0,0
NYJ,9,0,0,0,0,0,0,0,0,0,0,0
NYJ,8,0,0,1,1,1,0,1,283,2.0,0,0,30,0,105,283,1,0,0,0,0
NYJ,TOTAL,1,2,14,18,19,1,12,3139,1891,30.0,0,0,11,1,3139,3,14,0,375,0
DEN,11,0,0,3,1,1,0,1,270,4.0,0,0,23,2,112,270,3,0,0,0,0
DEN,10,1,1,1,2,0,0,0,301,7.0,0,1,14,2,65,301,1,1,0,0,0
DEN,13,0,1,3,0,1,0,0,242,1.0,0,0,23,1,91,242,3,1,0,0,0
DEN,12,0,0,2,0,1,0,0,285,2.0,0,0,9,1,95,285,2,0,0,0,0
DEN,15,0,1,1,0,0,0,1,204,3.0,0,0,17,1,163,204,1,1,0,0,0
DEN,14,0,0,1,0,1,0,1,310,1.0,0,0,13,1,140,310,1,0,0,0,0
DEN,17,0,0,3,1,0,0,0,316,4.0,0,0,3,0,172,316,3,0,0,0,0
DEN,16,0,0,3,0,1,0,1,339,6.0,0,0,12,0,118,339,3,0,0,0,0
DEN,AVG,0.0625,0.3125,2.3125,0.875,0.6875,0.0625,0.5,292.4375,113.25,3.25,0.0,0.125,1.0,0.0625,292.4375,0.375,2.3125,0.0,18.0625,0.0625
DEN,1,0,1,2,1,0,0,0,253,5.0,0,0,19,1,94,253,2,1,0,0,1
DEN,3,0,0,2,1,0,0,1,330,1.0,0,1,31,1,59,330,2,0,0,0,0
DEN,2,0,0,1,1,3,0,0,241,1.0,0,0,27,0,118,241,1,0,0,0,0
DEN,5,0,0,3,3,0,0,1,345,4.0,0,0,31,0,70,345,3,0,0,0,0
DEN,4,0,0,3,1,0,0,0,338,3.0,0,0,6,0,165,338,3,0,0,0,0
DEN,7,0,0,0,0,0,0,0,0,0,0,0
DEN,6,0,1,3,2,1,1,2,309,4.0,0,0,24,4,57,309,3,2,0,0,0
DEN,9,0,0,3,0,2,0,0,291,5.0,0,0,23,1,68,291,3,0,0,1,0
DEN,8,0,0,3,1,0,0,0,305,1.0,0,0,14,1,225,305,3,0,0,0,0
DEN,TOTAL,1,5,37,14,11,1,8,4679,1812,52.0,0,2,16,1,4679,6,37,0,289,1
BAL,11,1,0,0,0,0,0,2,164,3.0,0,0,10,1,47,164,0,0,0,0,0
BAL,10,0,0,3,0,1,0,2,341,3.0,0,0,20,1,78,341,3,0,0,1,0
BAL,13,0,0,1,1,1,0,1,188,2.0,0,0,23,2,111,188,1,0,0,0,0
BAL,12,0,0,1,0,0,0,0,355,6.0,0,0,13,0,127,355,1,0,0,0,0
BAL,15,0,0,2,1,1,0,0,254,2.0,0,0,34,0,56,254,2,0,0,0,0
BAL,14,0,0,3,1,1,0,1,182,3.0,0,0,31,0,186,182,3,0,0,0,0
BAL,17,0,0,0,0,1,0,0,183,2.0,0,0,23,0,206,183,0,0,0,0,0
BAL,16,0,0,2,0,0,0,0,309,3.0,0,0,14,0,224,309,2,0,0,0,0
BAL,AVG,0.0625,0.125,1.375,0.3125,0.6875,0.0,0.75,249.75,118.8125,2.3125,0.0,0.0,0.8125,0.125,249.75,0.125,1.375,0.0,21.5,0.0625
BAL,1,0,1,2,0,0,0,1,329,4.0,0,0,13,1,122,329,2,1,0,0,0
BAL,3,0,0,3,0,1,0,0,382,2.0,0,0,30,0,121,382,3,0,0,0,0
BAL,2,0,0,1,1,1,0,2,232,2.0,0,0,24,2,111,232,1,0,0,0,0
BAL,5,0,0,0,1,1,0,2,187,0,0,0,6,2,133,187,0,0,0,0,0
BAL,4,0,1,1,0,1,0,1,356,1.0,0,0,16,1,101,356,1,1,0,0,0
BAL,7,0,0,1,0,2,0,0,147,2.0,0,0,43,0,55,147,1,0,0,0,0
BAL,6,0,0,1,0,0,0,0,234,1.0,0,0,29,1,86,234,1,0,0,1,0
BAL,9,0,0,1,0,0,0,0,153,1.0,0,0,15,2,137,153,1,0,0,0,1
BAL,8,0,0,0,0,0,0,0,0,0,0,0
BAL,TOTAL,1,2,22,5,11,0,12,3996,1901,37.0,0,0,13,2,3996,2,22,0,344,1
NYG,11,0,0,0,0,0,0,0,0,0,0,0
NYG,10,0,0,0,2,2,0,1,215,0,0,0,31,0,129,215,0,0,0,0,0
NYG,13,0,0,1,0,0,0,1,280,0,0,0,17,0,117,280,1,0,0,0,0
NYG,12,0,0,3,0,0,0,1,249,5.0,0,0,10,1,147,249,3,0,0,0,0
NYG,15,0,0,0,1,2,0,0,161,1.0,0,0,34,0,97,161,0,0,0,0,0
NYG,14,0,0,4,0,2,0,2,259,1.0,0,0,27,2,135,259,4,0,0,1,0
NYG,17,0,0,5,0,0,0,0,223,1.0,0,0,7,1,185,223,5,0,0,0,0
NYG,16,0,0,1,0,0,0,0,150,0,0,0,33,0,67,150,1,0,0,0,0
NYG,AVG,0.0,0.0625,1.625,0.375,0.9375,0.0625,0.875,247.9375,116.375,2.0625,0.0,0.0,1.3125,0.0625,247.9375,0.125,1.625,0.0,21.5,0.0
NYG,1,0,0,1,1,0,0,0,213,2.0,0,0,24,1,82,213,1,0,0,0,0
NYG,3,0,0,1,0,0,0,2,292,2.0,0,0,7,3,125,292,1,0,0,0,0
NYG,2,0,0,3,0,3,0,0,510,2.0,0,0,34,2,94,510,3,0,0,0,0
NYG,5,0,0,3,1,1,0,1,259,0,0,0,27,2,243,259,3,0,0,0,0
NYG,4,0,0,2,0,1,0,0,309,2.0,0,0,19,0,57,309,2,0,0,0,0
NYG,7,0,0,1,0,2,0,3,337,3.0,0,0,23,1,64,337,1,0,0,0,0
NYG,6,0,0,1,0,0,0,0,193,6.0,0,0,3,3,149,193,1,0,0,0,0
NYG,9,0,0,0,0,1,1,1,125,4.0,0,0,24,1,68,125,0,1,0,0,0
NYG,8,0,1,0,1,1,0,2,192,4.0,0,0,24,4,103,192,0,1,0,0,0
NYG,TOTAL,0,1,26,6,15,1,14,3967,1862,33.0,0,0,21,1,3967,2,26,0,344,0
OAK,11,0,0,2,0,2,0,0,312,0,0,0,38,0,120,312,2,0,0,0,0
OAK,10,0,0,2,2,1,0,0,368,0,0,0,55,1,72,368,2,0,0,0,0
OAK,13,0,0,2,0,1,0,0,351,1.0,0,0,20,2,85,351,2,0,0,0,0
OAK,12,0,0,1,1,1,0,0,146,2.0,0,0,34,0,99,146,1,0,0,0,0
OAK,15,0,0,0,1,0,0,0,182,4.0,0,0,0,1,203,182,0,0,0,0,0
OAK,14,0,0,2,1,1,0,0,273,3.0,0,0,26,1,61,273,2,0,0,0,0
OAK,17,0,0,2,0,1,0,0,150,2.0,0,0,24,0,115,150,2,0,0,0,0
OAK,16,0,0,0,0,1,0,1,151,2.0,0,0,17,1,47,151,0,0,0,0,0
OAK,AVG,0.0,0.0,1.5,0.625,1.0,0.0,0.4375,268.25,88.75,1.5625,0.0,0.0,0.6875,0.0,268.25,0.0,1.5,0.0,27.6875,0.125
OAK,1,0,0,1,1,0,0,0,297,1.0,0,0,22,0,45,297,1,0,0,0,1
OAK,3,0,0,3,0,1,0,2,209,1.0,0,0,31,0,119,209,3,0,0,0,0
OAK,2,0,0,1,0,1,0,0,373,1.0,0,0,35,0,23,373,1,0,0,0,0
OAK,5,0,0,0,0,0,0,0,0,0,0,0
OAK,4,0,0,0,0,0,0,1,202,0,0,0,37,0,56,202,0,0,0,0,0
OAK,7,0,0,1,2,1,0,0,298,3.0,0,0,23,0,69,298,1,0,0,0,0
OAK,6,0,0,1,2,1,0,0,353,1.0,0,0,23,3,149,353,1,0,0,0,0
OAK,9,0,0,4,0,3,0,1,418,1.0,0,0,42,0,22,418,4,0,0,0,1
OAK,8,0,0,2,0,1,0,2,209,3.0,0,0,16,2,135,209,2,0,0,0,0
OAK,TOTAL,0,0,24,10,16,0,7,4292,1420,25.0,0,0,11,0,4292,0,24,0,443,2
TEN,11,0,0,0,0,0,0,0,0,0,0,0
TEN,10,0,1,2,0,0,0,1,122,2.0,0,0,3,3,177,122,2,1,0,0,0
TEN,13,0,0,1,3,3,0,0,309,0,0,0,24,0,89,309,1,0,0,0,0
TEN,12,0,0,1,0,2,0,0,261,7.0,0,0,24,1,110,261,1,0,0,0,0
TEN,15,0,0,0,0,0,0,1,149,4.0,0,0,10,4,167,149,0,0,0,0,0
TEN,14,0,1,1,0,2,0,0,262,4.0,0,0,27,2,97,262,1,1,0,0,0
TEN,17,2,2,0,0,0,0,0,152,7.0,0,0,20,3,79,152,0,2,0,0,0
TEN,16,0,0,1,0,2,0,0,140,1.0,0,0,55,0,79,140,1,0,0,0,0
TEN,AVG,0.1875,0.25,1.0625,0.75,1.0,0.0625,0.3125,223.1875,105.4375,2.4375,0.0,0.0,1.1875,0.0625,223.1875,0.3125,1.0625,0.0,29.4375,0.0625
TEN,1,0,0,1,1,1,0,0,272,1.0,0,0,34,0,20,272,1,0,0,0,0
TEN,3,1,0,2,2,0,1,1,378,1.0,0,0,41,0,59,378,2,1,0,1,0
TEN,2,0,0,1,0,1,0,0,174,4.0,0,0,38,1,38,174,1,0,0,0,0
TEN,5,0,0,1,1,1,0,0,234,1.0,0,0,30,2,52,234,1,0,0,0,0
TEN,4,0,0,2,1,2,0,0,193,0,0,0,38,0,158,193,2,0,0,0,0
TEN,7,0,0,1,0,0,0,1,205,1.0,0,0,34,1,197,205,1,0,0,0,0
TEN,6,0,0,1,0,1,0,0,290,1.0,0,0,23,1,94,290,1,0,0,0,0
TEN,9,0,0,1,4,1,0,1,194,3.0,0,0,51,0,159,194,1,0,0,0,1
TEN,8,0,0,1,0,0,0,0,236,2.0,0,0,19,1,112,236,1,0,0,0,0
TEN,TOTAL,3,4,17,12,16,1,5,3571,1687,39.0,0,0,19,1,3571,5,17,0,471,1
NO,11,0,1,3,0,0,0,0,229,3.0,0,0,17,2,153,229,3,1,0,0,0
NO,10,0,0,3,0,1,0,0,298,1.0,0,0,27,1,148,298,3,0,0,0,0
NO,13,0,0,0,0,5,0,1,341,1.0,0,0,23,0,101,341,0,0,0,0,0
NO,12,0,0,3,0,2,0,1,267,0,0,0,31,1,59,267,3,0,0,0,0
NO,15,0,0,4,0,0,0,1,307,2.0,0,0,0,4,149,307,4,0,0,0,0
NO,14,0,1,1,2,2,0,0,354,0,0,0,52,2,142,354,1,1,0,0,0
NO,17,0,1,4,0,1,0,0,396,1.0,0,0,44,1,63,396,4,1,0,0,0
NO,16,0,0,3,0,0,0,1,446,2.0,0,0,31,0,116,446,3,0,0,0,0
NO,AVG,0.0,0.25,2.6875,0.3125,1.1875,0.0,0.6875,324.1875,98.6875,1.75,0.0,0.0,0.9375,0.0,324.1875,0.3125,2.6875,0.0625,28.375,0.0
NO,1,0,0,3,1,2,0,0,339,1.0,0,0,40,0,32,339,3,1,1,0,0
NO,3,0,0,3,0,1,0,2,240,3.0,0,0,27,1,83,240,3,0,0,0,0
NO,2,0,0,1,0,2,0,1,325,1.0,0,0,35,0,163,325,1,0,0,0,0
NO,5,0,0,4,0,1,0,1,370,5.0,0,0,24,1,53,370,4,0,0,0,0
NO,4,0,0,3,0,0,0,1,446,0,0,0,28,1,45,446,3,0,0,0,0
NO,7,0,0,4,0,1,0,0,377,1.0,0,0,28,0,81,377,4,0,0,0,0
NO,6,0,0,0,0,0,0,0,0,0,0,0
NO,9,0,1,2,2,0,0,1,239,7.0,0,0,13,1,140,239,2,1,0,0,0
NO,8,0,0,2,0,1,0,1,213,0,0,0,34,0,51,213,2,0,0,0,0
NO,TOTAL,0,4,43,5,19,0,11,5187,1579,28.0,0,0,15,0,5187,5,43,1,454,0
DAL,11,0,0,1,1,0,0,1,313,2.0,0,0,20,0,63,313,1,0,0,0,0
DAL,10,1,1,2,0,0,1,1,209,2.0,0,0,23,1,101,209,2,2,0,0,0
DAL,13,0,0,3,0,0,1,1,303,1.0,0,0,33,0,123,303,3,1,0,0,0
DAL,12,0,0,3,1,2,0,0,441,4.0,0,0,38,1,35,441,3,0,0,0,0
DAL,15,0,0,2,1,0,0,1,341,4.0,0,0,24,1,87,341,2,0,0,0,0
DAL,14,0,0,1,0,1,0,0,268,5.0,0,0,19,1,49,268,1,0,0,0,0
DAL,17,0,0,2,0,3,0,0,218,1.0,0,0,28,0,100,218,2,0,0,0,1
DAL,16,0,0,4,1,0,0,0,416,0,0,0,34,0,40,416,4,0,0,0,0
DAL,AVG,0.0625,0.0625,1.8125,0.625,1.1875,0.125,0.5625,312.0,79.0625,2.1875,0.0,0.0,0.4375,0.0,312.0,0.1875,1.8125,0.0,25.0,0.125
DAL,1,0,0,3,0,1,0,1,307,3.0,0,0,17,0,143,307,3,0,0,0,0
DAL,3,0,0,0,2,1,0,1,283,2.0,0,0,10,1,38,283,0,0,0,0,0
DAL,2,0,0,1,1,1,0,0,251,2.0,0,0,27,0,49,251,1,0,0,0,0
DAL,5,0,0,0,0,0,0,0,0,0,0,0
DAL,4,0,0,2,0,5,0,1,396,2.0,0,0,34,0,41,396,2,0,0,0,1
DAL,7,0,0,1,1,0,0,1,227,2.0,0,0,14,1,85,227,1,0,0,0,0
DAL,6,0,0,2,0,1,0,0,261,1.0,0,0,31,0,227,261,2,0,0,0,0
DAL,9,0,0,1,0,0,0,0,321,3.0,0,0,19,0,65,321,1,0,0,0,0
DAL,8,0,0,1,2,4,0,1,437,1.0,0,0,29,1,19,437,1,0,0,0,0
DAL,TOTAL,1,1,29,10,19,2,9,4992,1265,35.0,0,0,7,0,4992,3,29,0,400,2
NE,11,1,2,3,0,0,0,1,331,1.0,0,0,24,3,115,331,3,2,0,0,0
NE,10,0,0,2,0,0,0,2,237,3.0,0,0,31,1,117,237,2,0,0,0,0
NE,13,0,0,1,0,1,0,1,238,3.0,0,0,16,0,108,238,1,0,0,0,0
NE,12,0,0,3,1,0,2,4,295,2.0,0,0,19,1,152,295,3,2,0,0,0
NE,15,0,0,1,2,2,0,1,443,1.0,0,0,41,1,95,443,1,0,0,0,0
NE,14,0,0,4,0,1,0,0,296,2.0,1,0,14,1,130,296,4,0,0,0,0
NE,17,0,0,2,0,0,0,1,284,7.0,0,0,0,1,167,284,2,0,0,0,0
NE,16,0,0,2,0,2,0,0,267,1.0,0,0,16,3,103,267,2,0,0,0,0
NE,AVG,0.0625,0.125,2.125,0.4375,0.5625,0.1875,1.3125,301.0,135.8125,2.25,0.0625,0.0,1.25,0.0625,301.0,0.3125,2.125,0.0,20.6875,0.0
NE,1,0,0,2,0,0,1,1,236,2.0,0,0,13,1,162,236,2,1,0,0,0
NE,3,0,0,1,0,0,0,0,335,0,0,0,31,1,77,335,1,0,0,0,0
NE,2,0,0,1,0,1,0,2,316,1.0,0,0,20,0,80,316,1,0,0,0,0
NE,5,0,0,1,1,0,0,3,223,2.0,0,0,21,0,251,223,1,0,0,0,0
NE,4,0,0,3,2,0,0,2,340,3.0,0,0,28,4,247,340,3,0,0,0,0
NE,7,0,0,2,1,0,0,1,259,4.0,0,0,26,1,131,259,2,0,0,1,0
NE,6,0,0,2,0,2,0,2,395,2.0,0,0,24,0,87,395,2,0,0,0,0
NE,9,0,0,0,0,0,0,0,0,0,0,0
NE,8,0,0,4,0,0,0,0,321,2.0,0,0,7,2,151,321,4,0,0,0,0
NE,TOTAL,1,2,34,7,9,3,21,4816,2173,36.0,1,0,20,1,4816,5,34,0,331,0
SEA,11,0,0,0,0,0,0,0,0,0,0,0
SEA,10,0,0,3,2,0,0,2,211,3.0,0,0,7,1,174,211,3,0,0,0,0
SEA,13,0,0,2,1,0,0,0,293,1.0,0,0,17,0,176,293,2,0,0,0,0
SEA,12,0,0,2,0,0,0,0,224,1.0,0,0,24,1,96,224,2,0,0,1,0
SEA,15,0,1,1,0,0,0,1,205,3.0,0,0,17,2,270,205,1,1,0,0,0
SEA,14,0,1,1,0,1,1,4,216,3.0,0,0,0,4,284,216,1,2,0,0,0
SEA,17,0,0,1,0,0,0,0,250,0,0,0,13,1,153,250,1,0,0,0,0
SEA,16,0,0,4,0,1,0,1,171,1.0,0,0,13,1,176,171,4,1,1,0,0
SEA,AVG,0.0,0.125,1.6875,0.5,0.625,0.0625,0.75,201.6875,161.1875,2.3125,0.0,0.0,1.125,0.0625,201.6875,0.3125,1.6875,0.125,15.3125,0.0
SEA,1,0,0,1,1,1,0,1,153,1.0,0,0,20,1,115,153,1,0,0,0,0
SEA,3,0,0,2,0,0,0,0,130,8.0,0,0,12,0,127,130,2,0,0,0,0
SEA,2,0,0,1,0,0,0,1,151,1.0,0,0,7,1,182,151,1,1,1,0,0
SEA,5,0,0,1,1,2,0,1,221,4.0,0,0,12,0,98,221,1,0,0,0,0
SEA,4,0,0,0,0,3,0,0,160,2.0,0,0,19,1,179,160,0,0,0,0,0
SEA,7,0,0,0,0,1,0,0,122,2.0,0,0,13,1,136,122,0,0,0,0,0
SEA,6,0,0,3,2,0,0,0,293,1.0,0,0,23,2,85,293,3,0,0,0,0
SEA,9,0,0,3,0,0,0,1,198,4.0,0,0,20,1,195,198,3,0,0,0,0
SEA,8,0,0,2,1,1,0,0,229,2.0,0,0,28,1,133,229,2,0,0,0,0
SEA,TOTAL,0,2,27,8,10,1,12,3227,2579,37.0,0,0,18,1,3227,5,27,2,245,0
CHI,11,0,0,1,0,2,0,0,107,2.0,0,0,32,0,85,107,1,0,0,0,0
CHI,10,0,0,0,2,2,0,0,134,1.0,0,0,13,2,115,134,0,0,0,0,0
CHI,13,0,0,2,0,0,0,1,233,2.0,0,0,23,0,132,233,2,0,0,0,0
CHI,12,0,0,1,1,1,0,2,188,2.0,0,0,10,1,113,188,1,0,0,0,0
CHI,15,0,0,1,0,1,0,2,135,3.0,0,0,21,0,83,135,1,0,0,0,0
CHI,14,0,0,2,0,2,0,0,324,1.0,0,0,21,1,118,324,2,0,0,0,0
CHI,17,0,0,1,0,0,0,3,257,1.0,0,0,24,1,144,257,1,0,0,0,0
CHI,16,0,1,1,1,0,1,1,146,4.0,0,0,13,2,152,146,1,2,0,0,0
CHI,AVG,0.0,0.5,1.3125,0.5,1.0,0.0625,1.25,206.125,123.125,2.5625,0.0,0.0,1.5,0.0,206.125,0.625,1.3125,0.0625,17.3125,0.0
CHI,1,0,0,2,0,1,0,2,333,3.0,0,0,21,3,114,333,2,0,0,0,0
CHI,3,0,1,0,0,1,0,0,183,6.0,0,0,6,2,103,183,0,1,0,0,0
CHI,2,0,0,1,0,4,0,1,126,5.0,0,0,23,1,94,126,1,0,0,0,0
CHI,5,0,2,2,0,1,0,1,292,3.0,0,0,3,2,214,292,2,2,0,0,0
CHI,4,0,2,2,1,0,0,0,275,1.0,0,0,18,5,93,275,2,2,0,0,0
CHI,7,0,0,1,0,0,0,3,150,3.0,0,0,7,1,171,150,1,0,0,0,0
CHI,6,0,0,0,0,0,0,0,0,0,0,0
CHI,9,0,1,3,1,0,0,4,229,2.0,0,0,20,1,160,229,3,2,1,0,0
CHI,8,0,1,1,2,1,0,0,186,2.0,0,0,22,2,79,186,1,1,0,0,0
CHI,TOTAL,0,8,21,8,16,1,20,3298,1970,41.0,0,0,24,0,3298,10,21,1,277,0
TB,11,0,0,3,1,2,0,1,248,2.0,0,0,21,0,167,248,3,0,0,0,1
TB,10,0,1,2,0,0,0,0,210,2.0,0,0,24,2,74,210,2,2,1,0,0
TB,13,0,0,2,0,1,0,0,242,0,0,0,31,1,71,242,2,0,0,0,0
TB,12,0,0,0,0,0,0,1,284,1.0,0,0,24,1,50,284,0,0,0,0,0
TB,15,0,0,0,1,4,0,0,330,1.0,0,0,41,0,67,330,0,0,0,0,0
TB,14,0,0,2,0,0,0,1,189,6.0,0,0,23,0,136,189,2,0,0,0,0
TB,17,0,0,1,0,1,0,0,222,2.0,0,0,17,0,144,222,1,0,0,0,0
TB,16,0,0,1,1,4,0,1,372,0,0,0,28,1,80,372,1,0,0,0,0
TB,AVG,0.0,0.1875,1.6875,0.375,1.0625,0.0,0.5,259.0,114.5625,1.75,0.0,0.0,1.125,0.0,259.0,0.25,1.6875,0.0625,24.625,0.0625
TB,1,0,0,1,0,0,0,0,138,3.0,0,0,10,2,130,138,1,0,0,0,0
TB,3,0,0,1,1,1,0,2,110,4.0,0,0,16,1,75,110,1,0,0,0,0
TB,2,0,1,2,0,2,0,0,243,0,0,0,41,3,79,243,2,1,0,0,0
TB,5,0,0,0,0,0,0,0,0,0,0,0
TB,4,0,0,1,0,1,0,0,299,2.0,0,0,24,0,80,299,1,0,0,0,0
TB,7,0,0,3,0,0,0,0,420,0,0,0,35,1,98,420,3,0,0,0,0
TB,6,0,1,3,1,1,0,0,328,0,0,0,10,2,145,328,3,1,0,0,0
TB,9,0,0,2,1,0,0,0,247,2.0,0,0,32,3,278,247,2,0,0,0,0
TB,8,0,0,3,0,0,0,2,262,3.0,0,0,17,1,159,262,3,0,0,0,0
TB,TOTAL,0,3,27,6,17,0,8,4144,1833,28.0,0,0,18,0,4144,4,27,1,394,1
PIT,11,0,0,0,2,1,0,0,201,2.0,0,0,13,0,134,201,0,0,0,0,0
PIT,10,0,0,1,1,0,0,0,157,2.0,0,0,13,1,95,157,1,0,0,0,0
PIT,13,0,0,1,1,2,0,1,276,3.0,0,0,20,1,96,276,1,0,0,0,0
PIT,12,0,1,0,5,3,0,0,199,4.0,0,0,20,1,49,199,0,1,0,0,0
PIT,15,0,0,2,1,1,0,1,339,1.0,0,0,27,0,69,339,2,0,0,0,0
PIT,14,0,0,3,1,1,0,0,285,1.0,0,0,34,0,69,285,3,0,0,0,0
PIT,17,0,0,3,0,0,0,3,134,4.0,0,0,10,1,91,134,3,0,0,0,0
PIT,16,0,0,1,1,2,0,1,220,6.0,0,0,13,2,95,220,1,0,0,0,0
PIT,AVG,0.0,0.0625,1.625,1.0,0.875,0.0,0.625,250.0625,96.875,2.3125,0.0,0.0,0.625,0.0,250.0625,0.0625,1.625,0.0,19.625,0.0625
PIT,1,0,0,2,0,1,0,1,245,2.0,0,0,31,0,75,245,2,0,0,0,0
PIT,3,0,0,4,2,0,0,0,384,1.0,0,0,34,1,54,384,4,0,0,0,0
PIT,2,0,0,2,0,0,0,1,275,2.0,0,0,10,0,66,275,2,0,0,0,0
PIT,5,0,0,0,0,0,0,2,207,3.0,0,0,14,0,136,207,0,0,0,0,0
PIT,4,0,0,0,0,0,0,0,0,0,0,0
PIT,7,0,0,1,1,1,0,0,278,0,0,0,17,1,167,278,1,0,0,0,1
PIT,6,0,0,1,0,1,0,0,363,3.0,0,0,26,1,56,363,1,0,0,0,0
PIT,9,0,0,2,1,1,0,0,216,2.0,0,0,20,1,158,216,2,0,0,0,0
PIT,8,0,0,3,0,0,0,0,222,1.0,0,0,12,0,140,222,3,0,0,0,0
PIT,TOTAL,0,1,26,16,14,0,10,4001,1550,37.0,0,0,10,0,4001,1,26,0,314,1
STL,11,0,0,2,2,1,0,0,170,3.0,0,0,27,0,114,170,2,0,0,0,0
STL,10,0,0,2,1,0,0,0,315,5.0,0,0,24,0,159,315,2,0,0,0,0
STL,13,0,0,0,0,0,1,1,221,3.0,0,0,13,0,85,221,0,1,0,0,0
STL,12,0,2,2,0,1,0,0,205,2.0,0,0,17,4,173,205,2,2,0,0,0
STL,15,0,0,3,1,1,0,0,377,2.0,0,0,36,0,87,377,3,0,0,0,1
STL,14,0,0,1,0,1,0,1,209,4.0,0,0,12,1,78,209,1,0,0,0,1
STL,17,0,0,1,0,1,0,0,252,6.0,0,0,20,0,79,252,1,0,0,0,0
STL,16,0,1,2,1,1,0,1,196,5.0,0,0,13,4,89,196,2,1,0,0,0
STL,AVG,0.0,0.25,1.375,0.5,0.875,0.0625,0.25,236.4375,107.1875,3.125,0.0,0.0,1.0625,0.0,236.4375,0.3125,1.375,0.0,21.75,0.1875
STL,1,0,1,1,0,0,0,0,198,1.0,0,0,27,3,78,198,1,1,0,0,0
STL,3,0,0,0,0,2,0,0,152,2.0,0,0,23,1,59,152,0,0,0,0,0
STL,2,0,0,3,2,1,0,0,310,1.0,0,0,28,1,151,310,3,0,0,0,0
STL,5,0,0,2,0,1,0,1,141,9.0,0,0,3,0,111,141,2,0,0,0,0
STL,4,0,0,1,0,1,0,0,223,2.0,0,0,13,3,75,223,1,0,0,0,0
STL,7,0,0,1,0,1,0,0,255,3.0,0,0,30,0,108,255,1,0,0,0,0
STL,6,0,0,0,1,0,0,0,315,2.0,0,0,17,0,162,315,0,0,0,0,1
STL,9,0,0,0,0,0,0,0,0,0,0,0
STL,8,0,0,1,0,2,0,0,244,0,0,0,45,0,107,244,1,0,0,0,0
STL,TOTAL,0,4,22,8,14,1,4,3783,1715,50.0,0,0,17,0,3783,5,22,0,348,3
CLE,11,0,0,2,1,0,0,1,210,7.0,0,0,23,0,119,210,2,0,0,0,0
CLE,10,0,0,0,0,0,0,0,0,0,0,0
CLE,13,0,0,1,0,2,0,0,364,1.0,0,0,17,1,122,364,1,0,0,0,0
CLE,12,0,0,1,0,1,0,5,158,1.0,0,0,14,3,108,158,1,0,0,0,0
CLE,15,0,0,1,0,2,0,0,244,2.0,0,0,38,1,58,244,1,0,0,0,0
CLE,14,1,0,0,0,0,0,0,217,5.0,0,0,7,1,154,217,0,0,0,0,0
CLE,17,0,0,1,3,1,0,0,204,2.0,0,0,24,0,138,204,1,0,0,0,0
CLE,16,0,0,1,1,0,0,0,183,0,0,0,34,1,91,183,1,0,0,0,0
CLE,AVG,0.0625,0.125,1.0,0.5,1.125,0.0,0.75,229.25,99.625,2.3125,0.0,0.0,1.0625,0.0,229.25,0.125,1.0,0.0,23.0,0.0
CLE,1,0,1,0,0,4,0,1,118,2.0,0,0,17,4,99,118,0,1,0,0,0
CLE,3,0,0,1,0,2,0,1,237,0,0,0,24,0,33,237,1,0,0,0,0
CLE,2,0,0,2,1,0,0,0,322,6.0,0,0,34,1,130,322,2,0,0,0,0
CLE,5,0,0,2,1,2,0,1,291,0,0,0,41,1,84,291,2,0,0,0,0
CLE,4,0,0,0,1,1,0,0,320,4.0,0,0,23,1,43,320,0,0,0,0,0
CLE,7,0,0,2,0,0,0,1,264,3.0,0,0,17,0,55,264,2,0,0,0,0
CLE,6,0,1,2,0,1,0,1,231,2.0,0,0,24,3,111,231,2,1,0,0,0
CLE,9,0,0,0,0,2,0,0,176,1.0,0,0,25,0,116,176,0,0,0,0,0
CLE,8,0,0,0,0,0,0,1,129,1.0,0,0,6,0,133,129,0,0,0,0,0
CLE,TOTAL,1,2,16,8,18,0,12,3668,1594,37.0,0,0,17,0,3668,2,16,0,368,0
HOU,11,0,0,5,1,2,0,1,527,2.0,0,0,37,0,136,527,5,0,0,0,0
HOU,10,0,0,1,0,2,0,2,95,0,0,0,6,2,127,95,1,0,0,0,0
HOU,13,0,0,2,0,0,0,3,207,5.0,0,0,10,3,125,207,2,0,0,0,0
HOU,12,0,0,1,0,1,0,1,315,3.0,0,0,31,0,286,315,1,0,0,0,0
HOU,15,0,0,1,0,0,0,1,261,5.0,0,0,17,0,178,261,1,1,1,0,0
HOU,14,0,0,0,0,1,0,0,247,1.0,0,0,42,1,100,247,0,0,0,0,0
HOU,17,0,0,0,0,2,0,0,275,1.0,0,0,28,0,102,275,0,0,0,0,0
HOU,16,0,0,0,2,0,0,1,178,1.0,0,0,23,0,34,178,0,0,0,0,0
HOU,AVG,0.0,0.1875,1.375,0.25,0.8125,0.0,0.875,252.875,137.0,2.6875,0.0,0.0625,0.9375,0.0,252.875,0.3125,1.375,0.125,20.6875,0.0
HOU,1,0,0,1,0,0,0,1,266,3.0,0,0,10,3,83,266,1,0,0,0,0
HOU,3,0,0,4,1,1,0,1,290,3.0,0,0,25,0,152,290,4,0,0,0,0
HOU,2,0,0,0,0,0,0,1,195,3.0,0,0,7,0,216,195,0,0,0,0,0
HOU,5,0,0,1,0,1,0,0,209,3.0,0,0,17,2,169,209,1,0,0,0,0
HOU,4,0,2,2,0,0,0,1,202,4.0,0,0,14,2,95,202,2,2,0,0,0
HOU,7,0,1,2,0,0,0,0,256,4.0,0,1,13,2,181,256,2,1,0,0,0
HOU,6,0,0,0,0,3,0,0,255,2.0,0,0,42,0,90,255,0,1,1,0,0
HOU,9,0,0,2,0,0,0,1,268,3.0,0,0,9,0,118,268,2,0,0,0,0
HOU,8,0,0,0,0,0,0,0,0,0,0,0
HOU,TOTAL,0,3,22,4,13,0,14,4046,2192,43.0,0,1,15,0,4046,5,22,2,331,0
GB,11,0,1,2,0,1,0,2,236,5.0,0,0,20,2,95,236,2,1,0,0,0
GB,10,0,0,0,0,0,0,0,0,0,0,0
GB,13,0,0,1,0,1,0,0,286,0,0,0,14,2,152,286,1,0,0,0,0
GB,12,0,0,1,1,1,0,0,230,1.0,0,0,38,0,116,230,1,0,0,0,0
GB,15,0,0,3,2,0,0,0,291,4.0,0,0,13,1,113,291,3,0,0,0,0
GB,14,0,0,0,1,0,1,1,173,0,0,0,20,1,140,173,0,1,0,0,0
GB,17,0,0,4,1,0,0,0,365,1.0,0,0,37,0,72,365,4,0,0,0,0
GB,16,0,0,3,0,0,0,0,351,7.0,0,0,7,2,117,351,3,0,0,0,0
GB,AVG,0.0625,0.0625,2.5,0.5,0.5,0.0625,0.3125,271.875,105.875,2.875,0.0,0.0,1.125,0.0,271.875,0.1875,2.5,0.0625,21.0,0.0
GB,1,1,0,2,0,1,0,0,303,4.0,0,0,30,0,45,303,2,0,0,0,0
GB,3,0,0,0,0,0,0,0,223,1.0,0,0,14,0,84,223,0,0,0,0,0
GB,2,0,0,2,1,1,0,0,246,7.0,0,0,10,4,106,246,2,0,0,0,0
GB,5,0,0,3,0,1,0,0,243,4.0,0,0,30,1,141,243,3,0,0,0,0
GB,4,0,0,4,1,1,0,0,319,2.0,0,0,27,0,102,319,4,0,0,0,0
GB,7,0,0,3,0,0,0,0,342,3.0,0,0,20,1,70,342,3,0,0,0,0
GB,6,0,0,6,0,0,0,0,338,3.0,0,0,24,3,99,338,6,0,0,0,0
GB,9,0,0,4,0,1,0,1,218,2.0,0,0,17,1,176,218,4,0,0,0,0
GB,8,0,0,2,1,0,0,1,186,2.0,0,0,15,0,66,186,2,1,1,0,0
GB,TOTAL,1,1,40,8,8,1,5,4350,1694,46.0,0,0,18,0,4350,3,40,1,336,0
WAS,11,0,0,4,0,0,0,1,200,4.0,0,0,6,2,169,200,4,0,0,0,0
WAS,10,0,0,0,0,0,0,0,0,0,0,0
WAS,13,0,0,1,1,0,0,0,163,1.0,1,0,16,0,207,163,1,0,0,0,0
WAS,12,0,0,4,0,1,0,1,311,2.0,0,0,31,2,142,311,4,0,0,0,0
WAS,15,0,0,2,0,1,0,0,329,2.0,0,0,21,2,122,329,2,0,0,0,0
WAS,14,0,0,2,1,0,0,1,272,2.0,0,0,28,1,172,272,2,0,0,0,0
WAS,17,0,0,0,0,0,0,0,100,2.0,0,0,18,3,274,100,0,0,0,0,0
WAS,16,0,0,2,0,1,0,1,198,5.0,0,0,20,1,128,198,2,0,0,0,0
WAS,AVG,0.0,0.1875,1.5,0.375,0.5,0.0625,0.5625,229.8125,169.5625,1.9375,0.125,0.0,1.3125,0.0,229.8125,0.25,1.5,0.0,24.25,0.0
WAS,1,0,0,2,0,0,0,0,320,2.0,0,0,32,2,153,320,2,0,0,0,0
WAS,3,0,1,1,1,0,0,1,221,2.0,0,0,38,1,213,221,1,1,0,0,0
WAS,2,0,0,1,0,1,1,2,206,2.0,0,0,31,1,176,206,1,1,0,0,0
WAS,5,0,1,1,0,2,0,1,202,1.0,0,0,24,1,129,202,1,1,0,0,0
WAS,4,0,0,0,0,0,0,0,323,1.0,1,0,22,1,160,323,0,0,0,0,0
WAS,7,0,0,2,3,1,0,0,258,1.0,0,0,27,2,248,258,2,0,0,0,0
WAS,6,0,1,1,0,1,0,1,182,3.0,0,0,26,2,183,182,1,1,0,0,0
WAS,9,0,0,0,0,0,0,0,215,0,0,0,21,0,151,215,0,0,0,0,0
WAS,8,0,0,1,0,0,0,0,177,1.0,0,0,27,0,86,177,1,0,0,0,0
WAS,TOTAL,0,3,24,6,8,1,9,3677,2713,31.0,2,0,21,0,3677,4,24,0,388,0
JAC,11,0,0,4,1,0,0,1,378,2.0,0,0,43,2,86,378,4,0,0,0,0
JAC,10,0,0,1,1,2,0,1,330,2.0,0,0,27,1,37,330,1,0,0,0,0
JAC,13,0,0,1,1,1,0,1,208,0,0,0,34,1,50,208,1,0,0,0,0
JAC,12,0,0,2,0,1,0,0,261,1.0,0,0,19,2,100,261,2,0,0,0,0
JAC,15,0,0,0,0,0,0,1,221,1.0,0,0,24,0,86,221,0,0,0,0,0
JAC,14,0,0,0,0,2,0,2,185,1.0,0,0,17,0,123,185,0,0,0,0,0
JAC,17,0,0,2,0,3,0,0,298,2.0,0,0,38,0,122,298,2,1,1,0,0
JAC,16,0,0,1,0,3,0,0,348,3.0,0,0,23,2,93,348,1,0,0,0,0
JAC,AVG,0.0,0.0,1.25,0.5,1.0625,0.0,0.6875,234.625,85.5625,1.25,0.0,0.0,0.75,0.0,234.625,0.0625,1.25,0.0625,27.75,0.125
JAC,1,0,0,2,1,0,0,1,260,2.0,0,0,26,0,113,260,2,0,0,0,1
JAC,3,0,0,1,0,0,0,0,155,0,0,0,17,1,185,155,1,0,0,0,0
JAC,2,0,0,1,1,0,0,0,76,0,0,0,27,0,65,76,1,0,0,0,0
JAC,5,0,0,0,1,2,0,0,142,1.0,0,0,41,1,60,142,0,0,0,0,0
JAC,4,0,0,1,1,1,0,1,186,0,0,0,27,1,69,186,1,0,0,0,0
JAC,7,0,0,1,0,0,0,2,183,2.0,0,0,26,1,54,183,1,0,0,0,0
JAC,6,0,0,0,0,0,0,0,0,0,0,0
JAC,9,0,0,2,0,2,0,0,220,1.0,0,0,31,0,64,220,2,0,0,0,1
JAC,8,0,0,1,1,0,0,1,303,2.0,0,0,24,0,62,303,1,0,0,0,0
JAC,TOTAL,0,0,20,8,17,0,11,3754,1369,20.0,0,0,12,0,3754,1,20,1,444,2
KC,11,0,0,0,1,0,0,0,188,2.0,0,0,28,0,113,188,0,0,0,0,0
KC,10,0,0,0,0,1,0,1,154,1.0,0,0,16,0,142,154,0,0,0,0,0
KC,13,0,0,2,0,0,0,0,201,2.0,0,0,21,0,158,201,2,0,0,0,0
KC,12,0,0,0,0,1,0,0,126,2.0,0,0,17,1,148,126,0,0,0,0,0
KC,15,0,0,0,0,1,0,1,136,0,0,0,15,0,10,136,0,0,0,0,0
KC,14,0,0,0,0,1,0,0,159,3.0,0,0,30,0,180,159,0,0,0,0,0
KC,17,0,0,0,0,0,0,1,49,0,0,0,38,0,93,49,0,0,0,0,0
KC,16,0,0,0,1,2,0,0,162,3.0,0,0,20,0,352,162,0,0,0,0,0
KC,AVG,0.0,0.0,0.5,1.0625,1.25,0.0625,0.375,183.5625,149.9375,1.6875,0.0,0.0625,0.4375,0.0,183.5625,0.0625,0.5,0.0,26.5625,0.0
KC,1,0,0,1,1,2,0,0,258,1.0,0,0,40,0,152,258,1,0,0,0,0
KC,3,0,0,0,2,1,0,0,248,4.0,0,1,24,1,273,248,0,0,0,0,0
KC,2,0,0,2,2,1,0,0,301,0,0,0,35,0,150,301,2,0,0,0,0
KC,5,0,0,0,2,2,0,1,124,4.0,0,0,9,1,214,124,0,0,0,0,0
KC,4,0,0,2,3,3,0,0,251,3.0,0,0,37,1,119,251,2,0,0,0,0
KC,7,0,0,0,0,0,0,0,0,0,0,0
KC,6,0,0,0,0,2,1,1,180,1.0,0,0,38,1,80,180,0,1,0,0,0
KC,9,0,0,0,3,1,0,1,181,1.0,0,0,31,1,113,181,0,0,0,0,0
KC,8,0,0,1,2,2,0,0,219,0,0,0,26,1,102,219,1,0,0,0,0
KC,TOTAL,0,0,8,17,20,1,6,2937,2399,27.0,0,1,7,0,2937,1,8,0,425,0
PHI,11,0,0,0,1,2,0,0,204,2.0,0,0,31,0,80,204,0,0,0,0,0
PHI,10,0,0,2,1,1,0,0,289,3.0,0,0,38,0,91,289,2,0,0,0,0
PHI,13,1,0,1,1,0,0,0,251,2.0,0,0,38,0,183,251,1,0,0,0,0
PHI,12,0,0,0,3,0,0,0,119,2.0,0,0,30,0,204,119,0,0,0,0,0
PHI,15,0,0,1,4,1,0,2,182,6.0,0,0,34,0,42,182,1,0,0,0,0
PHI,14,0,0,2,1,0,0,0,381,2.0,0,0,21,0,29,381,2,0,0,0,0
PHI,17,0,0,1,0,1,0,0,211,1.0,0,0,42,0,110,211,1,0,0,0,0
PHI,16,0,0,1,1,1,0,0,345,1.0,0,0,27,1,90,345,1,0,0,0,0
PHI,AVG,0.0625,0.0,1.125,1.375,0.9375,0.0,0.3125,254.8125,117.9375,1.875,0.0,0.0,0.5,0.0,254.8125,0.0,1.125,0.0,27.75,0.0
PHI,1,0,0,2,1,4,0,0,317,2.0,0,0,16,4,150,317,2,0,0,0,0
PHI,3,0,0,0,3,0,0,0,217,3.0,0,0,27,0,126,217,0,0,0,0,0
PHI,2,0,0,1,2,2,0,1,371,2.0,0,0,23,1,129,371,1,0,0,0,0
PHI,5,0,0,2,2,0,0,0,175,0,0,0,16,0,78,175,2,0,0,0,0
PHI,4,0,0,1,0,0,0,0,241,0,0,0,17,1,191,241,1,0,0,0,0
PHI,7,0,0,0,0,0,0,0,0,0,0,0
PHI,6,0,0,2,1,2,0,0,311,0,0,0,26,1,71,311,2,0,0,0,0
PHI,9,0,0,1,1,1,0,2,272,2.0,0,0,28,0,221,272,1,0,0,0,0
PHI,8,0,0,1,0,0,0,0,191,2.0,0,0,30,0,92,191,1,0,0,0,0
PHI,TOTAL,1,0,18,22,15,0,5,4077,1887,30.0,0,0,8,0,4077,0,18,0,444,0
BUF,11,1,0,0,0,0,0,1,168,3.0,0,0,14,2,120,168,0,0,0,0,0
BUF,10,0,0,2,2,1,0,0,337,1.0,0,0,37,0,162,337,2,0,0,0,0
BUF,13,0,0,2,1,1,0,1,112,4.0,0,0,18,1,232,112,2,0,0,0,0
BUF,12,0,0,1,0,1,0,1,180,4.0,0,0,20,1,135,180,1,0,0,0,0
BUF,15,0,0,1,1,2,0,0,247,2.0,0,0,50,0,118,247,1,0,0,0,0
BUF,14,0,0,1,1,1,0,0,247,1.0,0,0,15,1,61,247,1,0,0,0,0
BUF,17,0,1,1,1,0,0,1,225,1.0,0,0,9,1,109,225,1,1,0,0,0
BUF,16,0,0,1,3,1,0,0,240,2.0,0,0,24,0,154,240,1,0,0,0,0
BUF,AVG,0.125,0.0625,1.5,1.0625,1.0625,0.0,0.5625,214.375,138.8125,2.3125,0.0,0.0625,0.75,0.0625,214.375,0.0625,1.5,0.0,27.1875,0.0
BUF,1,0,0,3,1,3,0,0,195,0,0,0,48,1,195,195,3,0,0,0,0
BUF,3,0,0,3,1,0,0,0,208,4.0,0,0,14,2,138,208,3,0,0,0,0
BUF,2,1,0,2,0,0,0,2,178,5.0,0,0,17,1,201,178,2,0,0,0,0
BUF,5,0,0,0,1,1,0,1,126,0,0,0,45,0,89,126,0,0,0,0,0
BUF,4,0,0,4,2,4,0,2,350,1.0,0,0,52,0,98,350,4,0,0,0,0
BUF,7,0,0,3,1,1,0,0,225,2.0,0,0,35,0,166,225,3,0,0,1,0
BUF,6,0,0,0,1,1,0,0,153,5.0,0,1,16,2,165,153,0,0,0,0,0
BUF,9,0,0,0,1,0,0,0,239,2.0,0,0,21,0,78,239,0,0,0,0,0
BUF,8,0,0,0,0,0,0,0,0,0,0,0
BUF,TOTAL,2,1,24,17,17,0,9,3430,2221,37.0,0,1,12,1,3430,1,24,0,435,0
IND,11,0,0,2,1,3,0,0,334,0,0,0,59,0,119,334,2,0,0,0,0
IND,10,0,1,0,1,1,0,1,227,4.0,0,0,10,2,138,227,0,1,0,0,0
IND,13,0,0,4,0,3,0,0,391,0,0,0,33,1,87,391,4,0,0,0,0
IND,12,1,0,1,1,1,0,0,240,2.0,0,0,13,1,87,240,1,0,0,0,0
IND,15,0,0,2,1,0,0,0,186,3.0,0,0,29,0,124,186,2,0,0,0,0
IND,14,0,1,1,0,2,0,0,196,1.0,0,0,23,2,98,196,1,1,0,0,0
IND,17,0,0,2,0,0,0,0,191,4.0,0,0,16,2,81,191,2,0,0,1,0
IND,16,0,1,1,0,0,0,1,205,1.0,0,0,13,2,90,205,1,1,0,0,0
IND,AVG,0.0625,0.25,1.4375,0.5625,1.125,0.0,0.1875,273.375,104.4375,1.9375,0.0,0.0,0.75,0.0625,273.375,0.25,1.4375,0.0,24.1875,0.0
IND,1,0,1,1,2,3,0,0,309,2.0,0,0,41,1,63,309,1,1,0,0,0
IND,3,0,0,2,0,1,0,0,313,1.0,0,0,22,0,124,313,2,0,0,0,0
IND,2,0,0,2,0,0,0,1,224,4.0,0,0,20,0,84,224,2,0,0,0,0
IND,5,0,0,2,0,1,0,0,362,5.0,0,0,27,1,119,362,2,0,0,0,0
IND,4,0,0,0,0,0,0,0,0,0,0,0
IND,7,0,0,0,1,0,0,0,186,0,0,0,13,0,148,186,0,0,0,0,0
IND,6,0,0,0,2,2,0,0,280,1.0,0,0,35,0,41,280,0,0,0,0,0
IND,9,0,0,2,0,0,0,0,433,1.0,0,0,20,0,97,433,2,0,0,0,0
IND,8,0,0,1,0,1,0,0,297,2.0,0,0,13,0,171,297,1,0,0,0,0
IND,TOTAL,1,4,23,9,18,0,3,4374,1671,31.0,0,0,12,1,4374,4,23,0,387,0
ARI,11,0,0,0,1,0,0,1,70,1.0,0,0,23,5,137,70,0,0,0,0,0
ARI,10,0,0,0,0,0,0,0,0,0,0,0
ARI,13,0,0,0,0,1,0,1,72,3.0,0,0,7,3,81,72,0,0,0,0,0
ARI,12,0,0,0,0,4,0,0,312,2.0,0,0,31,1,74,312,0,0,0,0,0
ARI,15,0,2,0,0,1,0,1,104,2.0,0,0,10,3,99,104,0,2,0,0,0
ARI,14,0,0,0,4,4,0,0,133,1.0,0,0,58,1,43,133,0,0,0,0,0
ARI,17,0,0,1,1,1,0,0,225,1.0,0,0,27,0,55,225,1,0,0,0,0
ARI,16,0,0,0,1,2,0,1,246,1.0,0,0,28,0,29,246,0,1,1,0,0
ARI,AVG,0.0,0.125,0.6875,0.8125,1.3125,0.0625,0.6875,211.4375,75.4375,2.375,0.0,0.0,1.375,0.0,211.4375,0.25,0.6875,0.0625,22.3125,0.0
ARI,1,0,0,1,1,1,0,1,215,3.0,0,0,16,1,43,215,1,0,0,0,0
ARI,3,0,0,2,0,0,1,3,222,5.0,0,0,6,0,99,222,2,1,0,0,0
ARI,2,0,0,1,2,0,0,0,140,4.0,0,0,18,1,105,140,1,0,0,0,0
ARI,5,0,0,0,1,0,0,0,289,1.0,0,0,17,1,45,289,0,0,0,0,0
ARI,4,0,0,3,0,2,0,2,324,4.0,0,0,21,2,28,324,3,0,0,0,0
ARI,7,0,0,1,1,1,0,0,262,3.0,0,0,21,2,126,262,1,0,0,0,0
ARI,6,0,0,1,0,2,0,1,173,2.0,0,0,19,1,182,173,1,0,0,0,0
ARI,9,0,0,1,1,1,0,0,306,1.0,0,0,31,1,54,306,1,0,0,0,0
ARI,8,0,0,0,0,1,0,0,290,4.0,0,0,24,0,7,290,0,0,0,0,0
ARI,TOTAL,0,2,11,13,21,1,11,3383,1207,38.0,0,0,22,0,3383,4,11,1,357,0
SF,11,0,0,2,0,0,0,0,243,6.0,0,1,7,2,123,243,2,0,0,0,0
SF,10,0,0,1,0,0,0,1,189,2.0,0,0,24,0,183,189,1,0,0,0,0
SF,13,0,0,0,1,0,0,0,208,2.0,0,0,16,0,148,208,0,0,0,0,0
SF,12,0,2,1,1,1,0,0,231,5.0,0,0,21,2,144,231,1,2,0,0,0
SF,15,0,0,4,1,1,0,2,216,3.0,1,0,34,2,180,216,4,0,0,0,0
SF,14,0,0,0,0,0,0,1,185,2.0,0,0,13,0,155,185,0,0,0,0,0
SF,17,0,0,2,0,0,0,1,282,2.0,0,0,13,1,129,282,2,0,0,0,0
SF,16,0,0,1,1,1,0,0,244,1.0,0,0,42,1,82,244,1,0,0,0,0
SF,AVG,0.0,0.125,1.4375,0.5,0.5,0.0625,0.6875,221.625,155.6875,2.375,0.0625,0.0625,0.875,0.0,221.625,0.1875,1.4375,0.0,17.0625,0.0
SF,1,0,0,2,0,0,0,0,211,3.0,0,0,22,1,186,211,2,0,0,0,0
SF,3,0,0,1,2,1,0,2,204,0,0,0,24,0,89,204,1,0,0,0,0
SF,2,0,0,2,1,0,0,0,226,2.0,0,0,19,1,148,226,2,0,0,0,0
SF,5,0,0,3,1,0,0,1,310,1.0,0,0,3,1,311,310,3,0,0,0,0
SF,4,0,0,0,0,0,1,3,143,3.0,0,0,0,1,245,143,0,1,0,0,0
SF,7,0,0,1,0,1,0,0,140,2.0,0,0,6,1,175,140,1,0,0,0,0
SF,6,0,0,0,0,3,0,0,282,0,0,0,26,0,80,282,0,0,0,0,0
SF,9,0,0,0,0,0,0,0,0,0,0,0
SF,8,0,0,3,0,0,0,0,232,4.0,0,0,3,1,113,232,3,0,0,0,0
SF,TOTAL,0,2,23,8,8,1,11,3546,2491,38.0,1,1,14,0,3546,3,23,0,273,0
SD,11,0,1,2,1,2,0,1,258,3.0,0,1,30,1,53,258,2,1,0,0,0
SD,10,0,0,3,0,2,0,0,337,1.0,0,0,34,0,103,337,3,0,0,0,0
SD,13,0,1,0,1,1,0,1,280,1.0,0,0,20,2,46,280,0,1,0,0,0
SD,12,0,0,1,0,0,0,0,228,5.0,0,0,16,0,91,228,1,0,0,0,0
SD,15,0,0,1,2,0,0,1,121,2.0,0,0,31,0,70,121,1,0,0,0,0
SD,14,0,0,3,0,0,1,1,200,2.0,0,0,24,1,94,200,3,1,0,0,0
SD,17,0,0,2,0,0,0,0,151,0,0,0,21,1,70,151,2,0,0,1,0
SD,16,1,0,2,0,0,0,1,165,11.0,0,0,17,1,87,165,2,0,0,0,0
SD,AVG,0.0625,0.3125,1.625,0.6875,0.9375,0.125,0.875,225.4375,91.3125,2.375,0.0,0.0625,0.875,0.0625,225.4375,0.4375,1.625,0.0,21.875,0.0
SD,1,0,0,1,0,0,0,1,231,3.0,0,0,14,0,32,231,1,0,0,0,0
SD,3,0,0,0,2,2,0,0,173,2.0,0,0,27,1,116,173,0,0,0,0,0
SD,2,0,0,3,0,1,0,0,284,0,0,0,10,1,148,284,3,0,0,0,0
SD,5,0,0,2,1,1,0,0,354,3.0,0,0,31,1,117,354,2,0,0,0,0
SD,4,0,1,2,0,1,0,3,209,2.0,0,0,20,3,104,209,2,1,0,0,0
SD,7,0,0,0,0,0,0,0,0,0,0,0
SD,6,0,1,2,2,4,0,2,242,0,0,0,35,1,90,242,2,1,0,0,0
SD,9,0,1,2,1,1,1,3,220,1.0,0,0,13,1,123,220,2,2,0,0,0
SD,8,0,0,0,1,0,0,0,154,2.0,0,0,7,0,117,154,0,0,0,0,0
SD,TOTAL,1,5,26,11,15,2,14,3607,1461,38.0,0,1,14,1,3607,7,26,0,350,0
